MT4_OBJECT_SYNC_FORMAT_v6
UTC_REF|1765202400|6875.90000
1_TextLabel_0|21|1765184400|0|6656.30000|0.00000|0|1|0|0|0|0|Call 1||8|0|0|0|0|0
1_TextLabel_1|21|1765180800|0|6666.30000|0.00000|0|1|0|0|0|0|Call 11||8|0|0|0|0|0
1_TextLabel_10|21|1765184400|0|6781.30000|0.00000|0|1|0|0|0|0|Call 2||8|0|0|0|0|0
1_TextLabel_11|21|1765180800|0|6791.30000|0.00000|0|1|0|0|0|0|Call 14||8|0|0|0|0|0
1_TextLabel_12|21|1765180800|0|6796.30000|0.00000|0|1|0|0|0|0|Call 22||8|0|0|0|0|0
1_TextLabel_13|21|1765184400|0|6801.30000|0.00000|0|1|0|0|0|0|Call 3||8|0|0|0|0|0
1_TextLabel_14|21|1765184400|0|6806.30000|0.00000|0|1|0|0|0|0|Call 6||8|0|0|0|0|0
1_TextLabel_15|21|1765177200|0|6811.30000|0.00000|0|1|0|0|0|0|Call 36||8|0|0|0|0|0
1_TextLabel_16|21|1765184400|0|6816.30000|0.00000|0|1|0|0|0|0|Call 6||8|0|0|0|0|0
1_TextLabel_17|21|1765173600|0|6821.30000|0.00000|0|1|0|0|0|0|Call 56||8|0|0|0|0|0
1_TextLabel_18|21|1765184400|0|6826.30000|0.00000|0|1|0|0|0|0|Call 1||8|0|0|0|0|0
1_TextLabel_19|21|1765180800|0|6831.30000|0.00000|0|1|0|0|0|0|Call 16||8|0|0|0|0|0
1_TextLabel_2|21|1765184400|0|6686.30000|0.00000|0|1|0|0|0|0|Call 1||8|0|0|0|0|0
1_TextLabel_20|21|1765180800|0|6836.30000|0.00000|0|1|0|0|0|0|Call 16||8|0|0|0|0|0
1_TextLabel_21|21|1765173600|0|6841.30000|0.00000|0|1|0|0|0|0|Call 54||8|0|0|0|0|0
1_TextLabel_22|21|1765173600|0|6846.30000|0.00000|0|1|0|0|0|0|Call 61||8|0|0|0|0|0
1_TextLabel_23|21|1765173600|0|6851.30000|0.00000|0|1|0|0|0|0|Call 60||8|0|0|0|0|0
1_TextLabel_24|21|1765170000|0|6856.30000|0.00000|0|1|0|0|0|0|Call 80||8|0|0|0|0|0
1_TextLabel_25|21|1765170000|0|6861.30000|0.00000|0|1|0|0|0|0|Call 90||8|0|0|0|0|0
1_TextLabel_26|21|1765108800|0|6866.30000|0.00000|0|1|0|0|0|0|Call 426||8|0|0|0|0|0
1_TextLabel_27|21|1765105200|0|6871.30000|0.00000|0|1|0|0|0|0|Call 461||8|0|0|0|0|0
1_TextLabel_28|21|1765090800|0|6876.30000|0.00000|0|1|0|0|0|0|Call 535||8|0|0|0|0|0
1_TextLabel_29|21|1765065600|0|6881.30000|0.00000|0|1|0|0|0|0|Call 674||8|0|0|0|0|0
1_TextLabel_3|21|1765184400|0|6701.30000|0.00000|0|1|0|0|0|0|Call 2||8|0|0|0|0|0
1_TextLabel_30|21|1765087200|0|6886.30000|0.00000|0|1|0|0|0|0|Call 560||8|0|0|0|0|0
1_TextLabel_31|21|1765004400|0|6891.30000|0.00000|0|1|0|0|0|0|Call 1027||8|0|0|0|0|0
1_TextLabel_32|21|1765116000|0|6896.30000|0.00000|0|1|0|0|0|0|Call 389||8|0|0|0|0|0
1_TextLabel_33|21|1765072800|0|6901.30000|0.00000|0|1|0|0|0|0|Call 646||8|0|0|0|0|0
1_TextLabel_34|21|1765105200|0|6906.30000|0.00000|0|1|0|0|0|0|Call 446||8|0|0|0|0|0
1_TextLabel_35|21|1765087200|0|6911.30000|0.00000|0|1|0|0|0|0|Call 545||8|0|0|0|0|0
1_TextLabel_36|21|1765105200|0|6916.30000|0.00000|0|1|0|0|0|0|Call 459||8|0|0|0|0|0
1_TextLabel_37|21|1765090800|0|6921.30000|0.00000|0|1|0|0|0|0|Call 532||8|0|0|0|0|0
1_TextLabel_38|21|1765152000|0|6926.30000|0.00000|0|1|0|0|0|0|Call 179||8|0|0|0|0|0
1_TextLabel_39|21|1765116000|0|6931.30000|0.00000|0|1|0|0|0|0|Call 384||8|0|0|0|0|0
1_TextLabel_4|21|1765184400|0|6706.30000|0.00000|0|1|0|0|0|0|Call 2||8|0|0|0|0|0
1_TextLabel_40|21|1765166400|0|6936.30000|0.00000|0|1|0|0|0|0|Call 111||8|0|0|0|0|0
1_TextLabel_41|21|1765162800|0|6941.30000|0.00000|0|1|0|0|0|0|Call 129||8|0|0|0|0|0
1_TextLabel_42|21|1765170000|0|6946.30000|0.00000|0|1|0|0|0|0|Call 81||8|0|0|0|0|0
1_TextLabel_43|21|1765162800|0|6951.30000|0.00000|0|1|0|0|0|0|Call 130||8|0|0|0|0|0
1_TextLabel_44|21|1765177200|0|6956.30000|0.00000|0|1|0|0|0|0|Call 45||8|0|0|0|0|0
1_TextLabel_45|21|1765180800|0|6961.30000|0.00000|0|1|0|0|0|0|Call 18||8|0|0|0|0|0
1_TextLabel_46|21|1765177200|0|6966.30000|0.00000|0|1|0|0|0|0|Call 50||8|0|0|0|0|0
1_TextLabel_47|21|1765184400|0|6971.30000|0.00000|0|1|0|0|0|0|Call 8||8|0|0|0|0|0
1_TextLabel_48|21|1765184400|0|6991.30000|0.00000|0|1|0|0|0|0|Call 7||8|0|0|0|0|0
1_TextLabel_49|21|1765180800|0|6996.30000|0.00000|0|1|0|0|0|0|Call 17||8|0|0|0|0|0
1_TextLabel_5|21|1765184400|0|6711.30000|0.00000|0|1|0|0|0|0|Call 1||8|0|0|0|0|0
1_TextLabel_50|21|1765184400|0|7001.30000|0.00000|0|1|0|0|0|0|Call 1||8|0|0|0|0|0
1_TextLabel_51|21|1765177200|0|7006.30000|0.00000|0|1|0|0|0|0|Call 50||8|0|0|0|0|0
1_TextLabel_52|21|1765184400|0|7011.30000|0.00000|0|1|0|0|0|0|Call 1||8|0|0|0|0|0
1_TextLabel_53|21|1765162800|0|7016.30000|0.00000|0|1|0|0|0|0|Call 122||8|0|0|0|0|0
1_TextLabel_6|21|1765184400|0|6721.30000|0.00000|0|1|0|0|0|0|Call 1||8|0|0|0|0|0
1_TextLabel_7|21|1765184400|0|6726.30000|0.00000|0|1|0|0|0|0|Call 1||8|0|0|0|0|0
1_TextLabel_8|21|1765184400|0|6756.30000|0.00000|0|1|0|0|0|0|Call 6||8|0|0|0|0|0
1_TextLabel_9|21|1765184400|0|6761.30000|0.00000|0|1|0|0|0|0|Call 8||8|0|0|0|0|0
1_TrendLine_0|2|1765202400|1765202400|6656.40000|6656.40000|32768|3|0|0|0|0|||0|0
1_TrendLine_1|2|1765202400|1765198800|6666.40000|6666.40000|32768|3|0|0|0|0|||0|0
1_TrendLine_10|2|1765202400|1765202400|6781.40000|6781.40000|32768|3|0|0|0|0|||0|0
1_TrendLine_11|2|1765202400|1765198800|6791.40000|6791.40000|32768|3|0|0|0|0|||0|0
1_TrendLine_12|2|1765202400|1765198800|6796.40000|6796.40000|32768|3|0|0|0|0|||0|0
1_TrendLine_13|2|1765202400|1765202400|6801.40000|6801.40000|32768|3|0|0|0|0|||0|0
1_TrendLine_14|2|1765202400|1765202400|6806.40000|6806.40000|32768|3|0|0|0|0|||0|0
1_TrendLine_15|2|1765202400|1765195200|6811.40000|6811.40000|32768|3|0|0|0|0|||0|0
1_TrendLine_16|2|1765202400|1765202400|6816.40000|6816.40000|32768|3|0|0|0|0|||0|0
1_TrendLine_17|2|1765202400|1765191600|6821.40000|6821.40000|32768|3|0|0|0|0|||0|0
1_TrendLine_18|2|1765202400|1765202400|6826.40000|6826.40000|32768|3|0|0|0|0|||0|0
1_TrendLine_19|2|1765202400|1765198800|6831.40000|6831.40000|32768|3|0|0|0|0|||0|0
1_TrendLine_2|2|1765202400|1765202400|6686.40000|6686.40000|32768|3|0|0|0|0|||0|0
1_TrendLine_20|2|1765202400|1765198800|6836.40000|6836.40000|32768|3|0|0|0|0|||0|0
1_TrendLine_21|2|1765202400|1765191600|6841.40000|6841.40000|32768|3|0|0|0|0|||0|0
1_TrendLine_22|2|1765202400|1765191600|6846.40000|6846.40000|32768|3|0|0|0|0|||0|0
1_TrendLine_23|2|1765202400|1765191600|6851.40000|6851.40000|32768|3|0|0|0|0|||0|0
1_TrendLine_24|2|1765202400|1765188000|6856.40000|6856.40000|32768|3|0|0|0|0|||0|0
1_TrendLine_25|2|1765202400|1765188000|6861.40000|6861.40000|32768|3|0|0|0|0|||0|0
1_TrendLine_26|2|1765202400|1765126800|6866.40000|6866.40000|32768|3|0|0|0|0|||0|0
1_TrendLine_27|2|1765202400|1765123200|6871.40000|6871.40000|32768|3|0|0|0|0|||0|0
1_TrendLine_28|2|1765202400|1765108800|6876.40000|6876.40000|32768|3|0|0|0|0|||0|0
1_TrendLine_29|2|1765202400|1765083600|6881.40000|6881.40000|32768|3|0|0|0|0|||0|0
1_TrendLine_3|2|1765202400|1765202400|6701.40000|6701.40000|32768|3|0|0|0|0|||0|0
1_TrendLine_30|2|1765202400|1765105200|6886.40000|6886.40000|32768|3|0|0|0|0|||0|0
1_TrendLine_31|2|1765202400|1765022400|6891.40000|6891.40000|32768|3|0|0|0|0|||0|0
1_TrendLine_32|2|1765202400|1765134000|6896.40000|6896.40000|32768|3|0|0|0|0|||0|0
1_TrendLine_33|2|1765202400|1765090800|6901.40000|6901.40000|32768|3|0|0|0|0|||0|0
1_TrendLine_34|2|1765202400|1765123200|6906.40000|6906.40000|32768|3|0|0|0|0|||0|0
1_TrendLine_35|2|1765202400|1765105200|6911.40000|6911.40000|32768|3|0|0|0|0|||0|0
1_TrendLine_36|2|1765202400|1765123200|6916.40000|6916.40000|32768|3|0|0|0|0|||0|0
1_TrendLine_37|2|1765202400|1765108800|6921.40000|6921.40000|32768|3|0|0|0|0|||0|0
1_TrendLine_38|2|1765202400|1765170000|6926.40000|6926.40000|32768|3|0|0|0|0|||0|0
1_TrendLine_39|2|1765202400|1765134000|6931.40000|6931.40000|32768|3|0|0|0|0|||0|0
1_TrendLine_4|2|1765202400|1765202400|6706.40000|6706.40000|32768|3|0|0|0|0|||0|0
1_TrendLine_40|2|1765202400|1765184400|6936.40000|6936.40000|32768|3|0|0|0|0|||0|0
1_TrendLine_41|2|1765202400|1765180800|6941.40000|6941.40000|32768|3|0|0|0|0|||0|0
1_TrendLine_42|2|1765202400|1765188000|6946.40000|6946.40000|32768|3|0|0|0|0|||0|0
1_TrendLine_43|2|1765202400|1765180800|6951.40000|6951.40000|32768|3|0|0|0|0|||0|0
1_TrendLine_44|2|1765202400|1765195200|6956.40000|6956.40000|32768|3|0|0|0|0|||0|0
1_TrendLine_45|2|1765202400|1765198800|6961.40000|6961.40000|32768|3|0|0|0|0|||0|0
1_TrendLine_46|2|1765202400|1765195200|6966.40000|6966.40000|32768|3|0|0|0|0|||0|0
1_TrendLine_47|2|1765202400|1765202400|6971.40000|6971.40000|32768|3|0|0|0|0|||0|0
1_TrendLine_48|2|1765202400|1765202400|6991.40000|6991.40000|32768|3|0|0|0|0|||0|0
1_TrendLine_49|2|1765202400|1765198800|6996.40000|6996.40000|32768|3|0|0|0|0|||0|0
1_TrendLine_5|2|1765202400|1765202400|6711.40000|6711.40000|32768|3|0|0|0|0|||0|0
1_TrendLine_50|2|1765202400|1765202400|7001.40000|7001.40000|32768|3|0|0|0|0|||0|0
1_TrendLine_51|2|1765202400|1765195200|7006.40000|7006.40000|32768|3|0|0|0|0|||0|0
1_TrendLine_52|2|1765202400|1765202400|7011.40000|7011.40000|32768|3|0|0|0|0|||0|0
1_TrendLine_53|2|1765202400|1765180800|7016.40000|7016.40000|32768|3|0|0|0|0|||0|0
1_TrendLine_6|2|1765202400|1765202400|6721.40000|6721.40000|32768|3|0|0|0|0|||0|0
1_TrendLine_7|2|1765202400|1765202400|6726.40000|6726.40000|32768|3|0|0|0|0|||0|0
1_TrendLine_8|2|1765202400|1765202400|6756.40000|6756.40000|32768|3|0|0|0|0|||0|0
1_TrendLine_9|2|1765202400|1765202400|6761.40000|6761.40000|32768|3|0|0|0|0|||0|0
2_TextLabel_0|21|1765224000|0|6641.50000|0.00000|0|1|0|0|0|0|Put 19||8|0|0|0|0|0
2_TextLabel_1|21|1765220400|0|6646.50000|0.00000|0|1|0|0|0|0|Put 8||8|0|0|0|0|0
2_TextLabel_10|21|1765224000|0|6696.50000|0.00000|0|1|0|0|0|0|Put 16||8|0|0|0|0|0
2_TextLabel_11|21|1765224000|0|6701.50000|0.00000|0|1|0|0|0|0|Put 19||8|0|0|0|0|0
2_TextLabel_12|21|1765224000|0|6706.50000|0.00000|0|1|0|0|0|0|Put 31||8|0|0|0|0|0
2_TextLabel_13|21|1765245600|0|6711.50000|0.00000|0|1|0|0|0|0|Put 172||8|0|0|0|0|0
2_TextLabel_14|21|1765224000|0|6716.50000|0.00000|0|1|0|0|0|0|Put 30||8|0|0|0|0|0
2_TextLabel_15|21|1765220400|0|6721.50000|0.00000|0|1|0|0|0|0|Put 11||8|0|0|0|0|0
2_TextLabel_16|21|1765227600|0|6726.50000|0.00000|0|1|0|0|0|0|Put 40||8|0|0|0|0|0
2_TextLabel_17|21|1765227600|0|6731.50000|0.00000|0|1|0|0|0|0|Put 60||8|0|0|0|0|0
2_TextLabel_18|21|1765231200|0|6736.50000|0.00000|0|1|0|0|0|0|Put 81||8|0|0|0|0|0
2_TextLabel_19|21|1765263600|0|6741.50000|0.00000|0|1|0|0|0|0|Put 287||8|0|0|0|0|0
2_TextLabel_2|21|1765227600|0|6651.50000|0.00000|0|1|0|0|0|0|Put 46||8|0|0|0|0|0
2_TextLabel_20|21|1765224000|0|6746.50000|0.00000|0|1|0|0|0|0|Put 25||8|0|0|0|0|0
2_TextLabel_21|21|1765234800|0|6751.50000|0.00000|0|1|0|0|0|0|Put 91||8|0|0|0|0|0
2_TextLabel_22|21|1765224000|0|6756.50000|0.00000|0|1|0|0|0|0|Put 23||8|0|0|0|0|0
2_TextLabel_23|21|1765242000|0|6761.50000|0.00000|0|1|0|0|0|0|Put 155||8|0|0|0|0|0
2_TextLabel_24|21|1765224000|0|6766.50000|0.00000|0|1|0|0|0|0|Put 37||8|0|0|0|0|0
2_TextLabel_25|21|1765234800|0|6771.50000|0.00000|0|1|0|0|0|0|Put 87||8|0|0|0|0|0
2_TextLabel_26|21|1765249200|0|6776.50000|0.00000|0|1|0|0|0|0|Put 196||8|0|0|0|0|0
2_TextLabel_27|21|1765274400|0|6781.50000|0.00000|0|1|0|0|0|0|Put 360||8|0|0|0|0|0
2_TextLabel_28|21|1765242000|0|6786.50000|0.00000|0|1|0|0|0|0|Put 144||8|0|0|0|0|0
2_TextLabel_29|21|1765393200|0|6791.50000|0.00000|0|1|0|0|0|0|Put 1176||8|0|0|0|0|0
2_TextLabel_3|21|1765234800|0|6656.50000|0.00000|0|1|0|0|0|0|Put 91||8|0|0|0|0|0
2_TextLabel_30|21|1765249200|0|6796.50000|0.00000|0|1|0|0|0|0|Put 189||8|0|0|0|0|0
2_TextLabel_31|21|1765400400|0|6801.50000|0.00000|0|1|0|0|0|0|Put 1236||8|0|0|0|0|0
2_TextLabel_32|21|1765234800|0|6806.50000|0.00000|0|1|0|0|0|0|Put 106||8|0|0|0|0|0
2_TextLabel_33|21|1765281600|0|6811.50000|0.00000|0|1|0|0|0|0|Put 432||8|0|0|0|0|0
2_TextLabel_34|21|1765274400|0|6816.50000|0.00000|0|1|0|0|0|0|Put 375||8|0|0|0|0|0
2_TextLabel_35|21|1765274400|0|6821.50000|0.00000|0|1|0|0|0|0|Put 366||8|0|0|0|0|0
2_TextLabel_36|21|1765234800|0|6826.50000|0.00000|0|1|0|0|0|0|Put 104||8|0|0|0|0|0
2_TextLabel_37|21|1765267200|0|6831.50000|0.00000|0|1|0|0|0|0|Put 320||8|0|0|0|0|0
2_TextLabel_38|21|1765256400|0|6836.50000|0.00000|0|1|0|0|0|0|Put 253||8|0|0|0|0|0
2_TextLabel_39|21|1765303200|0|6841.50000|0.00000|0|1|0|0|0|0|Put 577||8|0|0|0|0|0
2_TextLabel_4|21|1765220400|0|6661.50000|0.00000|0|1|0|0|0|0|Put 2||8|0|0|0|0|0
2_TextLabel_40|21|1765267200|0|6846.50000|0.00000|0|1|0|0|0|0|Put 312||8|0|0|0|0|0
2_TextLabel_41|21|1765303200|0|6851.50000|0.00000|0|1|0|0|0|0|Put 576||8|0|0|0|0|0
2_TextLabel_42|21|1765285200|0|6856.50000|0.00000|0|1|0|0|0|0|Put 442||8|0|0|0|0|0
2_TextLabel_43|21|1765321200|0|6861.50000|0.00000|0|1|0|0|0|0|Put 683||8|0|0|0|0|0
2_TextLabel_44|21|1765296000|0|6866.50000|0.00000|0|1|0|0|0|0|Put 524||8|0|0|0|0|0
2_TextLabel_45|21|1765335600|0|6871.50000|0.00000|0|1|0|0|0|0|Put 803||8|0|0|0|0|0
2_TextLabel_46|21|1765292400|0|6876.50000|0.00000|0|1|0|0|0|0|Put 497||8|0|0|0|0|0
2_TextLabel_47|21|1765256400|0|6881.50000|0.00000|0|1|0|0|0|0|Put 246||8|0|0|0|0|0
2_TextLabel_48|21|1765234800|0|6886.50000|0.00000|0|1|0|0|0|0|Put 111||8|0|0|0|0|0
2_TextLabel_49|21|1765238400|0|6891.50000|0.00000|0|1|0|0|0|0|Put 117||8|0|0|0|0|0
2_TextLabel_5|21|1765224000|0|6666.50000|0.00000|0|1|0|0|0|0|Put 35||8|0|0|0|0|0
2_TextLabel_50|21|1765224000|0|6896.50000|0.00000|0|1|0|0|0|0|Put 15||8|0|0|0|0|0
2_TextLabel_51|21|1765224000|0|6901.50000|0.00000|0|1|0|0|0|0|Put 28||8|0|0|0|0|0
2_TextLabel_52|21|1765220400|0|6906.50000|0.00000|0|1|0|0|0|0|Put 2||8|0|0|0|0|0
2_TextLabel_53|21|1765224000|0|6911.50000|0.00000|0|1|0|0|0|0|Put 29||8|0|0|0|0|0
2_TextLabel_54|21|1765220400|0|6916.50000|0.00000|0|1|0|0|0|0|Put 6||8|0|0|0|0|0
2_TextLabel_55|21|1765220400|0|6921.50000|0.00000|0|1|0|0|0|0|Put 1||8|0|0|0|0|0
2_TextLabel_56|21|1765220400|0|6926.50000|0.00000|0|1|0|0|0|0|Put 2||8|0|0|0|0|0
2_TextLabel_57|21|1765220400|0|6936.50000|0.00000|0|1|0|0|0|0|Put 4||8|0|0|0|0|0
2_TextLabel_58|21|1765224000|0|6941.50000|0.00000|0|1|0|0|0|0|Put 14||8|0|0|0|0|0
2_TextLabel_59|21|1765220400|0|7041.50000|0.00000|0|1|0|0|0|0|Put 2||8|0|0|0|0|0
2_TextLabel_6|21|1765220400|0|6676.50000|0.00000|0|1|0|0|0|0|Put 1||8|0|0|0|0|0
2_TextLabel_7|21|1765220400|0|6681.50000|0.00000|0|1|0|0|0|0|Put 5||8|0|0|0|0|0
2_TextLabel_8|21|1765224000|0|6686.50000|0.00000|0|1|0|0|0|0|Put 26||8|0|0|0|0|0
2_TextLabel_9|21|1765252800|0|6691.50000|0.00000|0|1|0|0|0|0|Put 229||8|0|0|0|0|0
2_TrendLine_0|2|1765202400|1765206000|6641.40000|6641.40000|3937500|3|1|0|0|0|||0|0
2_TrendLine_1|2|1765202400|1765202400|6646.40000|6646.40000|3937500|3|1|0|0|0|||0|0
2_TrendLine_10|2|1765202400|1765206000|6696.40000|6696.40000|3937500|3|1|0|0|0|||0|0
2_TrendLine_11|2|1765202400|1765206000|6701.40000|6701.40000|3937500|3|1|0|0|0|||0|0
2_TrendLine_12|2|1765202400|1765206000|6706.40000|6706.40000|3937500|3|1|0|0|0|||0|0
2_TrendLine_13|2|1765202400|1765227600|6711.40000|6711.40000|3937500|3|1|0|0|0|||0|0
2_TrendLine_14|2|1765202400|1765206000|6716.40000|6716.40000|3937500|3|1|0|0|0|||0|0
2_TrendLine_15|2|1765202400|1765202400|6721.40000|6721.40000|3937500|3|1|0|0|0|||0|0
2_TrendLine_16|2|1765202400|1765209600|6726.40000|6726.40000|3937500|3|1|0|0|0|||0|0
2_TrendLine_17|2|1765202400|1765209600|6731.40000|6731.40000|3937500|3|1|0|0|0|||0|0
2_TrendLine_18|2|1765202400|1765213200|6736.40000|6736.40000|3937500|3|1|0|0|0|||0|0
2_TrendLine_19|2|1765202400|1765245600|6741.40000|6741.40000|3937500|3|1|0|0|0|||0|0
2_TrendLine_2|2|1765202400|1765209600|6651.40000|6651.40000|3937500|3|1|0|0|0|||0|0
2_TrendLine_20|2|1765202400|1765206000|6746.40000|6746.40000|3937500|3|1|0|0|0|||0|0
2_TrendLine_21|2|1765202400|1765216800|6751.40000|6751.40000|3937500|3|1|0|0|0|||0|0
2_TrendLine_22|2|1765202400|1765206000|6756.40000|6756.40000|3937500|3|1|0|0|0|||0|0
2_TrendLine_23|2|1765202400|1765224000|6761.40000|6761.40000|3937500|3|1|0|0|0|||0|0
2_TrendLine_24|2|1765202400|1765206000|6766.40000|6766.40000|3937500|3|1|0|0|0|||0|0
2_TrendLine_25|2|1765202400|1765216800|6771.40000|6771.40000|3937500|3|1|0|0|0|||0|0
2_TrendLine_26|2|1765202400|1765231200|6776.40000|6776.40000|3937500|3|1|0|0|0|||0|0
2_TrendLine_27|2|1765202400|1765256400|6781.40000|6781.40000|3937500|3|1|0|0|0|||0|0
2_TrendLine_28|2|1765202400|1765224000|6786.40000|6786.40000|3937500|3|1|0|0|0|||0|0
2_TrendLine_29|2|1765202400|1765375200|6791.40000|6791.40000|3937500|3|1|0|0|0|||0|0
2_TrendLine_3|2|1765202400|1765216800|6656.40000|6656.40000|3937500|3|1|0|0|0|||0|0
2_TrendLine_30|2|1765202400|1765231200|6796.40000|6796.40000|3937500|3|1|0|0|0|||0|0
2_TrendLine_31|2|1765202400|1765382400|6801.40000|6801.40000|3937500|3|1|0|0|0|||0|0
2_TrendLine_32|2|1765202400|1765216800|6806.40000|6806.40000|3937500|3|1|0|0|0|||0|0
2_TrendLine_33|2|1765202400|1765263600|6811.40000|6811.40000|3937500|3|1|0|0|0|||0|0
2_TrendLine_34|2|1765202400|1765256400|6816.40000|6816.40000|3937500|3|1|0|0|0|||0|0
2_TrendLine_35|2|1765202400|1765256400|6821.40000|6821.40000|3937500|3|1|0|0|0|||0|0
2_TrendLine_36|2|1765202400|1765216800|6826.40000|6826.40000|3937500|3|1|0|0|0|||0|0
2_TrendLine_37|2|1765202400|1765249200|6831.40000|6831.40000|3937500|3|1|0|0|0|||0|0
2_TrendLine_38|2|1765202400|1765238400|6836.40000|6836.40000|3937500|3|1|0|0|0|||0|0
2_TrendLine_39|2|1765202400|1765285200|6841.40000|6841.40000|3937500|3|1|0|0|0|||0|0
2_TrendLine_4|2|1765202400|1765202400|6661.40000|6661.40000|3937500|3|1|0|0|0|||0|0
2_TrendLine_40|2|1765202400|1765249200|6846.40000|6846.40000|3937500|3|1|0|0|0|||0|0
2_TrendLine_41|2|1765202400|1765285200|6851.40000|6851.40000|3937500|3|1|0|0|0|||0|0
2_TrendLine_42|2|1765202400|1765267200|6856.40000|6856.40000|3937500|3|1|0|0|0|||0|0
2_TrendLine_43|2|1765202400|1765303200|6861.40000|6861.40000|3937500|3|1|0|0|0|||0|0
2_TrendLine_44|2|1765202400|1765278000|6866.40000|6866.40000|3937500|3|1|0|0|0|||0|0
2_TrendLine_45|2|1765202400|1765317600|6871.40000|6871.40000|3937500|3|1|0|0|0|||0|0
2_TrendLine_46|2|1765202400|1765274400|6876.40000|6876.40000|3937500|3|1|0|0|0|||0|0
2_TrendLine_47|2|1765202400|1765238400|6881.40000|6881.40000|3937500|3|1|0|0|0|||0|0
2_TrendLine_48|2|1765202400|1765216800|6886.40000|6886.40000|3937500|3|1|0|0|0|||0|0
2_TrendLine_49|2|1765202400|1765220400|6891.40000|6891.40000|3937500|3|1|0|0|0|||0|0
2_TrendLine_5|2|1765202400|1765206000|6666.40000|6666.40000|3937500|3|1|0|0|0|||0|0
2_TrendLine_50|2|1765202400|1765206000|6896.40000|6896.40000|3937500|3|1|0|0|0|||0|0
2_TrendLine_51|2|1765202400|1765206000|6901.40000|6901.40000|3937500|3|1|0|0|0|||0|0
2_TrendLine_52|2|1765202400|1765202400|6906.40000|6906.40000|3937500|3|1|0|0|0|||0|0
2_TrendLine_53|2|1765202400|1765206000|6911.40000|6911.40000|3937500|3|1|0|0|0|||0|0
2_TrendLine_54|2|1765202400|1765202400|6916.40000|6916.40000|3937500|3|1|0|0|0|||0|0
2_TrendLine_55|2|1765202400|1765202400|6921.40000|6921.40000|3937500|3|1|0|0|0|||0|0
2_TrendLine_56|2|1765202400|1765202400|6926.40000|6926.40000|3937500|3|1|0|0|0|||0|0
2_TrendLine_57|2|1765202400|1765202400|6936.40000|6936.40000|3937500|3|1|0|0|0|||0|0
2_TrendLine_58|2|1765202400|1765206000|6941.40000|6941.40000|3937500|3|1|0|0|0|||0|0
2_TrendLine_59|2|1765202400|1765202400|7041.40000|7041.40000|3937500|3|1|0|0|0|||0|0
2_TrendLine_6|2|1765202400|1765202400|6676.40000|6676.40000|3937500|3|1|0|0|0|||0|0
2_TrendLine_7|2|1765202400|1765202400|6681.40000|6681.40000|3937500|3|1|0|0|0|||0|0
2_TrendLine_8|2|1765202400|1765206000|6686.40000|6686.40000|3937500|3|1|0|0|0|||0|0
2_TrendLine_9|2|1765202400|1765234800|6691.40000|6691.40000|3937500|3|1|0|0|0|||0|0
