MT4_OBJECT_SYNC_FORMAT_v6
UTC_REF|1767607200|1.16935
Label 44268|23|0|0|0.00000|0.00000|8421504|1|0|0|0|0|PH-EuroMensFTR||8|0|0|303|2|0
TrendLine_0|2|1767614400|1767873600|1.09616|1.09616|255|2|1|0|0|0|||0|0
TrendLine_1|2|1767614400|1767844800|1.11616|1.11616|255|2|1|0|0|0|||0|0
TrendLine_10|2|1767614400|1767816000|1.15866|1.15866|255|2|1|0|0|0|||0|0
TrendLine_11|2|1767614400|1768593600|1.16116|1.16116|255|2|1|0|0|0|||0|0
TrendLine_12|2|1767614400|1767931200|1.16366|1.16366|255|2|1|0|0|0|||0|0
TrendLine_13|2|1767614400|1768003200|1.17116|1.17116|255|2|1|0|0|0|||0|0
TrendLine_14|2|1767614400|1768104000|1.17616|1.17616|255|2|1|0|0|0|||0|0
TrendLine_15|2|1767614400|1766980800|1.18116|1.18116|32768|2|0|0|0|0|||0|0
TrendLine_16|2|1767614400|1767081600|1.18366|1.18366|32768|2|0|0|0|0|||0|0
TrendLine_17|2|1767614400|1766750400|1.19616|1.19616|32768|2|0|0|0|0|||0|0
TrendLine_18|2|1767614400|1767009600|1.20616|1.20616|32768|2|0|0|0|0|||0|0
TrendLine_19|2|1767614400|1766779200|1.21116|1.21116|32768|2|0|0|0|0|||0|0
TrendLine_2|2|1767614400|1768478400|1.12116|1.12116|255|2|1|0|0|0|||0|0
TrendLine_20|2|1767614400|1767081600|1.23116|1.23116|32768|2|0|0|0|0|||0|0
TrendLine_3|2|1767614400|1768579200|1.13116|1.13116|255|2|1|0|0|0|||0|0
TrendLine_4|2|1767614400|1767816000|1.13616|1.13616|255|2|1|0|0|0|||0|0
TrendLine_5|2|1767614400|1767830400|1.14116|1.14116|255|2|1|0|0|0|||0|0
TrendLine_6|2|1767614400|1768809600|1.14616|1.14616|255|2|1|0|0|0|||0|0
TrendLine_7|2|1767614400|1767859200|1.14866|1.14866|255|2|1|0|0|0|||0|0
TrendLine_8|2|1767614400|1769054400|1.15116|1.15116|255|2|1|0|0|0|||0|0
TrendLine_9|2|1767614400|1768176000|1.15616|1.15616|255|2|1|0|0|0|||0|0
Vertical Line 10161|0|1767988800|0|0.00000|0.00000|8421504|1|2|0|0|0|||0|0
VolumeText_0|21|1768161600|0|1.09626|0.00000|255|1|0|0|0|0|1397||7|0|1|0|0|0
VolumeText_1|21|1768132800|0|1.11626|0.00000|255|1|0|0|0|0|1278||7|0|1|0|0|0
VolumeText_10|21|1768104000|0|1.15876|0.00000|255|1|0|0|0|0|1097||7|0|1|0|0|0
VolumeText_11|21|1768881600|0|1.16126|0.00000|255|1|0|0|0|0|5363||7|0|1|0|0|0
VolumeText_12|21|1768219200|0|1.16376|0.00000|255|1|0|0|0|0|1709||7|0|1|0|0|0
VolumeText_13|21|1768291200|0|1.17126|0.00000|255|1|0|0|0|0|2092||7|0|1|0|0|0
VolumeText_14|21|1768392000|0|1.17626|0.00000|255|1|0|0|0|0|2701||7|0|1|0|0|0
VolumeText_15|21|1766433600|0|1.18126|0.00000|32768|1|0|0|0|0|1993||7|0|1|0|0|0
VolumeText_16|21|1766534400|0|1.18376|0.00000|32768|1|0|0|0|0|1436||7|0|1|0|0|0
VolumeText_17|21|1766376000|0|1.19626|0.00000|32768|1|0|0|0|0|2265||7|0|1|0|0|0
VolumeText_18|21|1766462400|0|1.20626|0.00000|32768|1|0|0|0|0|1822||7|0|1|0|0|0
VolumeText_19|21|1766404800|0|1.21126|0.00000|32768|1|0|0|0|0|2115||7|0|1|0|0|0
VolumeText_2|21|1768766400|0|1.12126|0.00000|255|1|0|0|0|0|4732||7|0|1|0|0|0
VolumeText_20|21|1766534400|0|1.23126|0.00000|32768|1|0|0|0|0|1454||7|0|1|0|0|0
VolumeText_3|21|1768867200|0|1.13126|0.00000|255|1|0|0|0|0|5253||7|0|1|0|0|0
VolumeText_4|21|1768104000|0|1.13626|0.00000|255|1|0|0|0|0|1067||7|0|1|0|0|0
VolumeText_5|21|1768118400|0|1.14126|0.00000|255|1|0|0|0|0|1180||7|0|1|0|0|0
VolumeText_6|21|1769097600|0|1.14626|0.00000|255|1|0|0|0|0|6529||7|0|1|0|0|0
VolumeText_7|21|1768147200|0|1.14876|0.00000|255|1|0|0|0|0|1314||7|0|1|0|0|0
VolumeText_8|21|1769342400|0|1.15126|0.00000|255|1|0|0|0|0|7877||7|0|1|0|0|0
VolumeText_9|21|1768464000|0|1.15626|0.00000|255|1|0|0|0|0|3052||7|0|1|0|0|0
