MT4_OBJECT_SYNC_FORMAT_v6
UTC_REF|1765807200|4344.25000
TrendLine_0|2|1765803600|1766019600|3072.00000|3072.00000|255|2|1|0|0|0|||0|0
TrendLine_1|2|1765803600|1765962000|3222.00000|3222.00000|255|2|1|0|0|0|||0|0
TrendLine_10|2|1765803600|1766019600|3522.00000|3522.00000|255|2|1|0|0|0|||0|0
TrendLine_11|2|1765803600|1766365200|3572.00000|3572.00000|255|2|1|0|0|0|||0|0
TrendLine_12|2|1765803600|1765976400|3622.00000|3622.00000|255|2|1|0|0|0|||0|0
TrendLine_13|2|1765803600|1766106000|3672.00000|3672.00000|255|2|1|0|0|0|||0|0
TrendLine_14|2|1765803600|1766192400|3722.00000|3722.00000|255|2|1|0|0|0|||0|0
TrendLine_15|2|1765803600|1765990800|3772.00000|3772.00000|255|2|1|0|0|0|||0|0
TrendLine_16|2|1765803600|1766091600|3822.00000|3822.00000|255|2|1|0|0|0|||0|0
TrendLine_17|2|1765803600|1765443600|4022.00000|4022.00000|32768|2|0|0|0|0|||0|0
TrendLine_18|2|1765803600|1765270800|4172.00000|4172.00000|32768|2|0|0|0|0|||0|0
TrendLine_19|2|1765803600|1765342800|4197.00000|4197.00000|32768|2|0|0|0|0|||0|0
TrendLine_2|2|1765803600|1766091600|3247.00000|3247.00000|255|2|1|0|0|0|||0|0
TrendLine_20|2|1765803600|1765314000|4222.00000|4222.00000|32768|2|0|0|0|0|||0|0
TrendLine_21|2|1765803600|1764968400|4272.00000|4272.00000|32768|2|0|0|0|0|||0|0
TrendLine_22|2|1765803600|1765285200|4322.00000|4322.00000|32768|2|0|0|0|0|||0|0
TrendLine_23|2|1765803600|1764579600|4372.00000|4372.00000|32768|2|0|0|0|0|||0|0
TrendLine_24|2|1765803600|1765314000|4422.00000|4422.00000|32768|2|0|0|0|0|||0|0
TrendLine_25|2|1765803600|1764738000|4472.00000|4472.00000|32768|2|0|0|0|0|||0|0
TrendLine_26|2|1765803600|1765242000|4572.00000|4572.00000|32768|2|0|0|0|0|||0|0
TrendLine_27|2|1765803600|1765299600|4672.00000|4672.00000|32768|2|0|0|0|0|||0|0
TrendLine_28|2|1765803600|1764939600|4722.00000|4722.00000|32768|2|0|0|0|0|||0|0
TrendLine_29|2|1765803600|1765414800|4772.00000|4772.00000|32768|2|0|0|0|0|||0|0
TrendLine_3|2|1765803600|1765990800|3272.00000|3272.00000|255|2|1|0|0|0|||0|0
TrendLine_30|2|1765803600|1765213200|4972.00000|4972.00000|32768|2|0|0|0|0|||0|0
TrendLine_31|2|1765803600|1765458000|5072.00000|5072.00000|32768|2|0|0|0|0|||0|0
TrendLine_32|2|1765803600|1765256400|5272.00000|5272.00000|32768|2|0|0|0|0|||0|0
TrendLine_33|2|1765803600|1765429200|5572.00000|5572.00000|32768|2|0|0|0|0|||0|0
TrendLine_4|2|1765803600|1766077200|3322.00000|3322.00000|255|2|1|0|0|0|||0|0
TrendLine_5|2|1765803600|1765299600|3347.00000|3347.00000|32768|2|0|0|0|0|||0|0
TrendLine_6|2|1765803600|1766235600|3372.00000|3372.00000|255|2|1|0|0|0|||0|0
TrendLine_7|2|1765803600|1766221200|3377.00000|3377.00000|255|2|1|0|0|0|||0|0
TrendLine_8|2|1765803600|1766048400|3422.00000|3422.00000|255|2|1|0|0|0|||0|0
TrendLine_9|2|1765803600|1766307600|3472.00000|3472.00000|255|2|1|0|0|0|||0|0
Vertical Line 4310|0|1766523600|0|0.00000|0.00000|11119017|1|2|0|0|0|||0|0
VolumeText_0|21|1766250000|0|3072.10000|0.00000|255|1|0|0|0|0|1380||8|0|1|0|0|0
VolumeText_1|21|1766192400|0|3222.10000|0.00000|255|1|0|0|0|0|1027||8|0|1|0|0|0
VolumeText_10|21|1766250000|0|3522.10000|0.00000|255|1|0|0|0|0|1404||8|0|1|0|0|0
VolumeText_11|21|1766595600|0|3572.10000|0.00000|255|1|0|0|0|0|3639||8|0|1|0|0|0
VolumeText_12|21|1766206800|0|3622.10000|0.00000|255|1|0|0|0|0|1166||8|0|1|0|0|0
VolumeText_13|21|1766336400|0|3672.10000|0.00000|255|1|0|0|0|0|1997||8|0|1|0|0|0
VolumeText_14|21|1766422800|0|3722.10000|0.00000|255|1|0|0|0|0|2569||8|0|1|0|0|0
VolumeText_15|21|1766221200|0|3772.10000|0.00000|255|1|0|0|0|0|1254||8|0|1|0|0|0
VolumeText_16|21|1766322000|0|3822.10000|0.00000|255|1|0|0|0|0|1872||8|0|1|0|0|0
VolumeText_17|21|1765213200|0|4022.10000|0.00000|32768|1|0|0|0|0|1122||8|0|1|0|0|0
VolumeText_18|21|1764867600|0|4172.10000|0.00000|32768|1|0|0|0|0|2292||8|0|1|0|0|0
VolumeText_19|21|1764939600|0|4197.10000|0.00000|32768|1|0|0|0|0|1783||8|0|1|0|0|0
VolumeText_2|21|1766322000|0|3247.10000|0.00000|255|1|0|0|0|0|1879||8|0|1|0|0|0
VolumeText_20|21|1764910800|0|4222.10000|0.00000|32768|1|0|0|0|0|1969||8|0|1|0|0|0
VolumeText_21|21|1764738000|0|4272.10000|0.00000|32768|1|0|0|0|0|3124||8|0|1|0|0|0
VolumeText_22|21|1764882000|0|4322.10000|0.00000|32768|1|0|0|0|0|2198||8|0|1|0|0|0
VolumeText_23|21|1764176400|0|4372.10000|0.00000|32768|1|0|0|0|0|5658||8|0|1|0|0|0
VolumeText_24|21|1764910800|0|4422.10000|0.00000|32768|1|0|0|0|0|2000||8|0|1|0|0|0
VolumeText_25|21|1764334800|0|4472.10000|0.00000|32768|1|0|0|0|0|4639||8|0|1|0|0|0
VolumeText_26|21|1764838800|0|4572.10000|0.00000|32768|1|0|0|0|0|2457||8|0|1|0|0|0
VolumeText_27|21|1764896400|0|4672.10000|0.00000|32768|1|0|0|0|0|2062||8|0|1|0|0|0
VolumeText_28|21|1764709200|0|4722.10000|0.00000|32768|1|0|0|0|0|3305||8|0|1|0|0|0
VolumeText_29|21|1765184400|0|4772.10000|0.00000|32768|1|0|0|0|0|1274||8|0|1|0|0|0
VolumeText_3|21|1766221200|0|3272.10000|0.00000|255|1|0|0|0|0|1203||8|0|1|0|0|0
VolumeText_30|21|1764810000|0|4972.10000|0.00000|32768|1|0|0|0|0|2624||8|0|1|0|0|0
VolumeText_31|21|1765227600|0|5072.10000|0.00000|32768|1|0|0|0|0|1032||8|0|1|0|0|0
VolumeText_32|21|1764853200|0|5272.10000|0.00000|32768|1|0|0|0|0|2404||8|0|1|0|0|0
VolumeText_33|21|1765198800|0|5572.10000|0.00000|32768|1|0|0|0|0|1207||8|0|1|0|0|0
VolumeText_4|21|1766307600|0|3322.10000|0.00000|255|1|0|0|0|0|1770||8|0|1|0|0|0
VolumeText_5|21|1764896400|0|3347.10000|0.00000|32768|1|0|0|0|0|2090||8|0|1|0|0|0
VolumeText_6|21|1766466000|0|3372.10000|0.00000|255|1|0|0|0|0|2807||8|0|1|0|0|0
VolumeText_7|21|1766451600|0|3377.10000|0.00000|255|1|0|0|0|0|2752||8|0|1|0|0|0
VolumeText_8|21|1766278800|0|3422.10000|0.00000|255|1|0|0|0|0|1611||8|0|1|0|0|0
VolumeText_9|21|1766538000|0|3472.10000|0.00000|255|1|0|0|0|0|3284||8|0|1|0|0|0
