MT4_OBJECT_SYNC_FORMAT_v6
UTC_REF|1764961200|6861.80000
FXSSI.CALENDAR#news-country-0|21|1745427600|0|1.12865|0.00000|7509500|1|0|0|1|0|USD||7|0|7|0|0|0
FXSSI.CALENDAR#news-country-1|21|1745506800|0|1.12865|0.00000|7509500|1|0|0|1|0|USD||7|0|7|0|0|0
FXSSI.CALENDAR#news-country-2|21|1745514000|0|1.12865|0.00000|7509500|1|0|0|1|0|USD||7|0|7|0|0|0
FXSSI.CALENDAR#news-country-3|21|1744833600|0|1.12634|0.00000|13092807|1|0|0|1|0|USD||7|0|7|0|0|0
FXSSI.CALENDAR#news-country-4|21|1744902000|0|1.12660|0.00000|7509500|1|0|0|1|0|EUR.USD||7|0|7|0|0|0
FXSSI.CALENDAR#news-frame|24|0|0|0.00000|0.00000|8421504|1|0|0|0|0|BitmapLabel||10|-1
FXSSI.CALENDAR#news-line0|24|0|0|0.00000|0.00000|8421504|1|0|0|1|0|BitmapLabel||10|0
FXSSI.CALENDAR#news-line1|24|0|0|0.00000|0.00000|8421504|1|0|0|1|0|BitmapLabel||10|0
FXSSI.CALENDAR#news-line2|24|0|0|0.00000|0.00000|8421504|1|0|0|1|0|BitmapLabel||10|0
FXSSI.CALENDAR#news-line3|24|0|0|0.00000|0.00000|8421504|1|0|0|1|0|BitmapLabel||10|0
FXSSI.CALENDAR#news-line4|24|0|0|0.00000|0.00000|8421504|1|0|0|1|0|BitmapLabel||10|0
FXSSI.CALENDAR#news-next|24|0|0|0.00000|0.00000|8421504|1|0|0|0|0|BitmapLabel||10|-1
FXSSI.CALENDAR#news-prev|24|0|0|0.00000|0.00000|8421504|1|0|0|0|0|BitmapLabel||10|-1
FXSSI.CALENDAR#news-stars-0|21|1745427600|0|1.12873|0.00000|7509500|1|0|0|1|0|ллл||8|0|7|0|0|0
FXSSI.CALENDAR#news-stars-1|21|1745506800|0|1.12873|0.00000|7509500|1|0|0|1|0|ллл||8|0|7|0|0|0
FXSSI.CALENDAR#news-stars-2|21|1745514000|0|1.12873|0.00000|7509500|1|0|0|1|0|ллл||8|0|7|0|0|0
FXSSI.CALENDAR#news-stars-3|21|1744833600|0|1.12639|0.00000|13092807|1|0|0|1|0|ллл||8|0|7|0|0|0
FXSSI.CALENDAR#news-stars-4|21|1744902000|0|1.12639|0.00000|7509500|1|0|0|1|0|ллл||8|0|7|0|0|0
NormalTL_H_100|2|1764613801|1764617401|6840.00000|6840.00000|25600|2|1|0|1|0|||0|0
NormalTL_H_1017|2|1762792201|1762795801|6810.00000|6810.00000|25600|2|1|0|1|0|||0|0
NormalTL_H_1028|2|1762736403|1762740003|6768.00000|6768.00000|25600|2|1|0|1|0|||0|0
NormalTL_H_1056|2|1762542901|1762546501|6660.00000|6660.00000|25600|2|1|0|1|0|||0|0
NormalTL_H_1067|2|1762535702|1762539302|6690.00000|6690.00000|25600|2|1|0|1|0|||0|0
NormalTL_H_1088|2|1762523100|1762526700|6708.00000|6708.00000|25600|2|1|0|1|0|||0|0
NormalTL_H_1098|2|1762501500|1762505100|6744.00000|6744.00000|25600|2|1|0|1|0|||0|0
NormalTL_H_110|2|1764607500|1764611100|6828.00000|6828.00000|25600|2|1|0|1|0|||0|0
NormalTL_H_1118|2|1762463700|1762467300|6756.00000|6756.00000|25600|2|1|0|1|0|||0|0
NormalTL_H_1126|2|1762457401|1762461001|6732.00000|6732.00000|25600|2|1|0|1|0|||0|0
NormalTL_H_1140|2|1762449300|1762452900|6768.00000|6768.00000|25600|2|1|0|1|0|||0|0
NormalTL_H_1152|2|1762438500|1762442100|6816.00000|6816.00000|25600|2|1|0|1|0|||0|0
NormalTL_H_1159|2|1762403400|1762407000|6798.00000|6798.00000|25600|2|1|0|1|0|||0|0
NormalTL_H_116|2|1764584100|1764587700|6816.00000|6816.00000|25600|2|1|0|1|0|||0|0
NormalTL_H_1168|2|1762370100|1762373700|6828.00000|6828.00000|25600|2|1|0|1|0|||0|0
NormalTL_H_1203|2|1762293600|1762297200|6786.00000|6786.00000|25600|2|1|0|1|0|||0|0
NormalTL_H_1207|2|1762289100|1762292700|6786.00000|6786.00000|25600|2|1|0|1|0|||0|0
NormalTL_H_1218|2|1762275600|1762279200|6816.00000|6816.00000|25600|2|1|0|1|0|||0|0
NormalTL_H_1228|2|1762273800|1762277400|6792.00000|6792.00000|25600|2|1|0|1|0|||0|0
NormalTL_H_1249|2|1762194600|1762198200|6858.00000|6858.00000|25600|2|1|0|1|0|||0|0
NormalTL_H_1264|2|1762185600|1762189200|6876.00000|6876.00000|25600|2|1|0|1|0|||0|0
NormalTL_H_1272|2|1762131601|1762135201|6864.00000|6864.00000|25600|2|1|0|1|0|||0|0
NormalTL_H_1278|2|1761948901|1761952501|6864.00000|6864.00000|25600|2|1|0|1|0|||0|0
NormalTL_H_128|2|1764359100|1764362700|6852.00000|6852.00000|25600|2|1|0|1|0|||0|0
NormalTL_H_1296|2|1761931800|1761935400|6864.00000|6864.00000|25600|2|1|0|1|0|||0|0
NormalTL_H_1303|2|1761921900|1761925500|6882.00000|6882.00000|25600|2|1|0|1|0|||0|0
NormalTL_H_1333|2|1761843601|1761847201|6882.00000|6882.00000|25600|2|1|0|1|0|||0|0
NormalTL_H_1349|2|1761831900|1761835500|6894.00000|6894.00000|25600|2|1|0|1|0|||0|0
NormalTL_H_1354|2|1761819300|1761822900|6900.00000|6900.00000|25600|2|1|0|1|0|||0|0
NormalTL_H_1359|2|1761812101|1761815701|6906.00000|6906.00000|25600|2|1|0|1|0|||0|0
NormalTL_H_1365|2|1761809403|1761813003|6906.00000|6906.00000|25600|2|1|0|1|0|||0|0
NormalTL_H_1377|2|1761800400|1761804000|6918.00000|6918.00000|25600|2|1|0|1|0|||0|0
NormalTL_H_1390|2|1761778805|1761782405|6912.00000|6912.00000|25600|2|1|0|1|0|||0|0
NormalTL_H_1397|2|1761777902|1761781502|6894.00000|6894.00000|25600|2|1|0|1|0|||0|0
NormalTL_H_1414|2|1761774303|1761777903|6888.00000|6888.00000|25600|2|1|0|1|0|||0|0
NormalTL_H_1429|2|1761747300|1761750900|6918.00000|6918.00000|25600|2|1|0|1|0|||0|0
NormalTL_H_1467|2|1761319804|1761323404|6798.00000|6798.00000|25600|2|1|0|1|0|||0|0
NormalTL_H_148|2|1764175501|1764179101|6804.00000|6804.00000|25600|2|1|0|1|0|||0|0
NormalTL_H_1489|2|1761237900|1761241500|6726.00000|6726.00000|25600|2|1|0|1|0|||0|0
NormalTL_H_1499|2|1761193800|1761197400|6714.00000|6714.00000|25600|2|1|0|1|0|||0|0
NormalTL_H_1505|2|1761170401|1761174001|6702.00000|6702.00000|25600|2|1|0|1|0|||0|0
NormalTL_H_1521|2|1761162303|1761165903|6702.00000|6702.00000|25600|2|1|0|1|0|||0|0
NormalTL_H_1533|2|1761158700|1761162300|6714.00000|6714.00000|25600|2|1|0|1|0|||0|0
NormalTL_H_1539|2|1761156000|1761159600|6726.00000|6726.00000|25600|2|1|0|1|0|||0|0
NormalTL_H_1553|2|1761116400|1761120000|6750.00000|6750.00000|25600|2|1|0|1|0|||0|0
NormalTL_H_1559|2|1761068701|1761072301|6750.00000|6750.00000|25600|2|1|0|1|0|||0|0
NormalTL_H_156|2|1764133200|1764136800|6792.00000|6792.00000|25600|2|1|0|1|0|||0|0
NormalTL_H_1584|2|1760944500|1760948100|6696.00000|6696.00000|25600|2|1|0|1|0|||0|0
NormalTL_H_1592|2|1760922000|1760925600|6684.00000|6684.00000|25600|2|1|0|1|0|||0|0
NormalTL_H_16|2|1764925203|1764928803|6876.00000|6876.00000|25600|2|1|0|1|0|||0|0
NormalTL_H_1607|2|1760727600|1760731200|6654.00000|6654.00000|25600|2|1|0|1|0|||0|0
NormalTL_H_1618|2|1760724000|1760727600|6636.00000|6636.00000|25600|2|1|0|1|0|||0|0
NormalTL_H_1635|2|1760719503|1760723103|6642.00000|6642.00000|25600|2|1|0|1|0|||0|0
NormalTL_H_1666|2|1760697900|1760701500|6552.00000|6552.00000|25600|2|1|0|1|0|||0|0
NormalTL_H_1687|2|1760662800|1760666400|6630.00000|6630.00000|25600|2|1|0|1|0|||0|0
NormalTL_H_1691|2|1760654701|1760658301|6630.00000|6630.00000|25600|2|1|0|1|0|||0|0
NormalTL_H_1697|2|1760651100|1760654700|6630.00000|6630.00000|25600|2|1|0|1|0|||0|0
NormalTL_H_1712|2|1760644803|1760648403|6660.00000|6660.00000|25600|2|1|0|1|0|||0|0
NormalTL_H_1717|2|1760643903|1760647503|6654.00000|6654.00000|25600|2|1|0|1|0|||0|0
NormalTL_H_1749|2|1760633101|1760636701|6702.00000|6702.00000|25600|2|1|0|1|0|||0|0
NormalTL_H_1753|2|1760613300|1760616900|6702.00000|6702.00000|25600|2|1|0|1|0|||0|0
NormalTL_H_1762|2|1760569201|1760572801|6684.00000|6684.00000|25600|2|1|0|1|0|||0|0
NormalTL_H_1767|2|1760563800|1760567400|6678.00000|6678.00000|25600|2|1|0|1|0|||0|0
NormalTL_H_1790|2|1760554800|1760558400|6684.00000|6684.00000|25600|2|1|0|1|0|||0|0
NormalTL_H_1800|2|1760547600|1760551200|6720.00000|6720.00000|25600|2|1|0|1|0|||0|0
NormalTL_H_181|2|1764090004|1764093604|6702.00000|6702.00000|25600|2|1|0|1|0|||0|0
NormalTL_H_1820|2|1760481900|1760485500|6648.00000|6648.00000|25600|2|1|0|1|0|||0|0
NormalTL_H_1858|2|1760460302|1760463902|6588.00000|6588.00000|25600|2|1|0|1|0|||0|0
NormalTL_H_1867|2|1760456700|1760460300|6594.00000|6594.00000|25600|2|1|0|1|0|||0|0
NormalTL_H_1872|2|1760451300|1760454900|6600.00000|6600.00000|25600|2|1|0|1|0|||0|0
NormalTL_H_1881|2|1760440500|1760444100|6606.00000|6606.00000|25600|2|1|0|1|0|||0|0
NormalTL_H_1891|2|1760432400|1760436000|6618.00000|6618.00000|25600|2|1|0|1|0|||0|0
NormalTL_H_1904|2|1760411701|1760415301|6672.00000|6672.00000|25600|2|1|0|1|0|||0|0
NormalTL_H_1911|2|1760389200|1760392800|6666.00000|6666.00000|25600|2|1|0|1|0|||0|0
NormalTL_H_1915|2|1760382900|1760386500|6666.00000|6666.00000|25600|2|1|0|1|0|||0|0
NormalTL_H_1928|2|1760376600|1760380200|6648.00000|6648.00000|25600|2|1|0|1|0|||0|0
NormalTL_H_1933|2|1760373902|1760377502|6654.00000|6654.00000|25600|2|1|0|1|0|||0|0
NormalTL_H_194|2|1764088201|1764091801|6708.00000|6708.00000|25600|2|1|0|1|0|||0|0
NormalTL_H_1946|2|1760349601|1760353201|6660.00000|6660.00000|25600|2|1|0|1|0|||0|0
NormalTL_H_1961|2|1760317218|1760320818|6630.00000|6630.00000|25600|2|1|0|1|0|||0|0
NormalTL_H_199|2|1764081000|1764084600|6714.00000|6714.00000|25600|2|1|0|1|0|||0|0
NormalTL_H_1995|2|1760136300|1760139900|6582.00000|6582.00000|25600|2|1|0|1|0|||0|0
NormalTL_H_2008|2|1760127301|1760130901|6624.00000|6624.00000|25600|2|1|0|1|0|||0|0
NormalTL_H_2026|2|1760121904|1760125504|6660.00000|6660.00000|25600|2|1|0|1|0|||0|0
NormalTL_H_2045|2|1760120101|1760123701|6702.00000|6702.00000|25600|2|1|0|1|0|||0|0
NormalTL_H_205|2|1764021600|1764025200|6714.00000|6714.00000|25600|2|1|0|1|0|||0|0
NormalTL_H_2061|2|1760113801|1760117401|6762.00000|6762.00000|25600|2|1|0|1|0|||0|0
NormalTL_H_2101|2|1759848300|1759851900|6750.00000|6750.00000|25600|2|1|0|1|0|||0|0
NormalTL_H_2110|2|1759752900|1759756500|6744.00000|6744.00000|25600|2|1|0|1|0|||0|0
NormalTL_H_2125|2|1759512600|1759516200|6750.00000|6750.00000|25600|2|1|0|1|0|||0|0
NormalTL_H_2133|2|1759473900|1759477500|6738.00000|6738.00000|25600|2|1|0|1|0|||0|0
NormalTL_H_2143|2|1759378500|1759382100|6726.00000|6726.00000|25600|2|1|0|1|0|||0|0
NormalTL_H_2156|2|1759336200|1759339800|6672.00000|6672.00000|25600|2|1|0|1|0|||0|0
NormalTL_H_2171|2|1759272300|1759275900|6690.00000|6690.00000|25600|2|1|0|1|0|||0|0
NormalTL_H_2180|2|1759257900|1759261500|6660.00000|6660.00000|25600|2|1|0|1|0|||0|0
NormalTL_H_2184|2|1759254300|1759257900|6660.00000|6660.00000|25600|2|1|0|1|0|||0|0
NormalTL_H_2188|2|1759246200|1759249800|6660.00000|6660.00000|25600|2|1|0|1|0|||0|0
NormalTL_H_2199|2|1759139100|1759142700|6678.00000|6678.00000|25600|2|1|0|1|0|||0|0
NormalTL_H_2214|2|1758907800|1758911400|6624.00000|6624.00000|25600|2|1|0|1|0|||0|0
NormalTL_H_2222|2|1758905101|1758908701|6648.00000|6648.00000|25600|2|1|0|1|0|||0|0
NormalTL_H_2230|2|1758900602|1758904202|6636.00000|6636.00000|25600|2|1|0|1|0|||0|0
NormalTL_H_2251|2|1758825000|1758828600|6618.00000|6618.00000|25600|2|1|0|1|0|||0|0
NormalTL_H_227|2|1764001801|1764005401|6666.00000|6666.00000|25600|2|1|0|1|0|||0|0
NormalTL_H_2274|2|1758754800|1758758400|6648.00000|6648.00000|25600|2|1|0|1|0|||0|0
NormalTL_H_2298|2|1758570300|1758573900|6696.00000|6696.00000|25600|2|1|0|1|0|||0|0
NormalTL_H_2312|2|1758320100|1758323700|6672.00000|6672.00000|25600|2|1|0|1|0|||0|0
NormalTL_H_2320|2|1758294000|1758297600|6648.00000|6648.00000|25600|2|1|0|1|0|||0|0
NormalTL_H_2328|2|1758222900|1758226500|6648.00000|6648.00000|25600|2|1|0|1|0|||0|0
NormalTL_H_2335|2|1758215700|1758219300|6654.00000|6654.00000|25600|2|1|0|1|0|||0|0
NormalTL_H_2349|2|1758195000|1758198600|6654.00000|6654.00000|25600|2|1|0|1|0|||0|0
NormalTL_H_2384|2|1758144602|1758148202|6612.00000|6612.00000|25600|2|1|0|1|0|||0|0
NormalTL_H_2394|2|1758142804|1758146404|6624.00000|6624.00000|25600|2|1|0|1|0|||0|0
NormalTL_H_2402|2|1758109500|1758113100|6612.00000|6612.00000|25600|2|1|0|1|0|||0|0
NormalTL_H_2409|2|1758009600|1758013200|6630.00000|6630.00000|25600|2|1|0|1|0|||0|0
NormalTL_H_2422|2|1757709900|1757713500|6600.00000|6600.00000|25600|2|1|0|1|0|||0|0
NormalTL_H_2436|2|1757596500|1757600100|6552.00000|6552.00000|25600|2|1|0|1|0|||0|0
NormalTL_H_246|2|1763968500|1763972100|6648.00000|6648.00000|25600|2|1|0|1|0|||0|0
NormalTL_H_2462|2|1757410200|1757413800|6516.00000|6516.00000|25600|2|1|0|1|0|||0|0
NormalTL_H_2468|2|1757327400|1757331000|6504.00000|6504.00000|25600|2|1|0|1|0|||0|0
NormalTL_H_2500|2|1757086203|1757089803|6528.00000|6528.00000|25600|2|1|0|1|0|||0|0
NormalTL_H_2506|2|1757044800|1757048400|6516.00000|6516.00000|25600|2|1|0|1|0|||0|0
NormalTL_H_2531|2|1756919700|1756923300|6450.00000|6450.00000|25600|2|1|0|1|0|||0|0
NormalTL_H_254|2|1763946004|1763949604|6648.00000|6648.00000|25600|2|1|0|1|0|||0|0
NormalTL_H_2556|2|1756831503|1756835103|6408.00000|6408.00000|25600|2|1|0|1|0|||0|0
NormalTL_H_2580|2|1756719900|1756723500|6468.00000|6468.00000|25600|2|1|0|1|0|||0|0
NormalTL_H_2586|2|1756690200|1756693800|6480.00000|6480.00000|25600|2|1|0|1|0|||0|0
NormalTL_H_2604|2|1756413900|1756417500|6504.00000|6504.00000|25600|2|1|0|1|0|||0|0
NormalTL_H_264|2|1763765100|1763768700|6624.00000|6624.00000|25600|2|1|0|1|0|||0|0
NormalTL_H_2641|2|1756180800|1756184400|6438.00000|6438.00000|25600|2|1|0|1|0|||0|0
NormalTL_H_2646|2|1756178100|1756181700|6444.00000|6444.00000|25600|2|1|0|1|0|||0|0
NormalTL_H_2703|2|1755795602|1755799202|6390.00000|6390.00000|25600|2|1|0|1|0|||0|0
NormalTL_H_2717|2|1755727201|1755730801|6402.00000|6402.00000|25600|2|1|0|1|0|||0|0
NormalTL_H_2723|2|1755717300|1755720900|6390.00000|6390.00000|25600|2|1|0|1|0|||0|0
NormalTL_H_2740|2|1755684000|1755687600|6408.00000|6408.00000|25600|2|1|0|1|0|||0|0
NormalTL_H_2756|2|1755622800|1755626400|6456.00000|6456.00000|25600|2|1|0|1|0|||0|0
NormalTL_H_276|2|1763759700|1763763300|6660.00000|6660.00000|25600|2|1|0|1|0|||0|0
NormalTL_H_2760|2|1755549000|1755552600|6456.00000|6456.00000|25600|2|1|0|1|0|||0|0
NormalTL_H_2767|2|1755478800|1755482400|6462.00000|6462.00000|25600|2|1|0|1|0|||0|0
NormalTL_H_2771|2|1755283500|1755287100|6462.00000|6462.00000|25600|2|1|0|1|0|||0|0
NormalTL_H_2781|2|1755241200|1755244800|6486.00000|6486.00000|25600|2|1|0|1|0|||0|0
NormalTL_H_2788|2|1755191700|1755195300|6468.00000|6468.00000|25600|2|1|0|1|0|||0|0
NormalTL_H_2805|2|1755102600|1755106200|6474.00000|6474.00000|25600|2|1|0|1|0|||0|0
NormalTL_H_281|2|1763757904|1763761504|6654.00000|6654.00000|25600|2|1|0|1|0|||0|0
NormalTL_H_2841|2|1754937900|1754941500|6402.00000|6402.00000|25600|2|1|0|1|0|||0|0
NormalTL_H_2884|2|1754569800|1754573400|6396.00000|6396.00000|25600|2|1|0|1|0|||0|0
NormalTL_H_29|2|1764873900|1764877500|6858.00000|6858.00000|25600|2|1|0|1|0|||0|0
NormalTL_H_2900|2|1754498700|1754502300|6324.00000|6324.00000|25600|2|1|0|1|0|||0|0
NormalTL_H_2905|2|1754469900|1754473500|6330.00000|6330.00000|25600|2|1|0|1|0|||0|0
NormalTL_H_2915|2|1754424000|1754427600|6318.00000|6318.00000|25600|2|1|0|1|0|||0|0
NormalTL_H_2957|2|1754088300|1754091900|6246.00000|6246.00000|25600|2|1|0|1|0|||0|0
NormalTL_H_2963|2|1754083800|1754087400|6246.00000|6246.00000|25600|2|1|0|1|0|||0|0
NormalTL_H_2974|2|1754073900|1754077500|6264.00000|6264.00000|25600|2|1|0|1|0|||0|0
NormalTL_H_2983|2|1754069401|1754073001|6258.00000|6258.00000|25600|2|1|0|1|0|||0|0
NormalTL_H_3004|2|1754062202|1754065802|6300.00000|6300.00000|25600|2|1|0|1|0|||0|0
NormalTL_H_3023|2|1754022600|1754026200|6342.00000|6342.00000|25600|2|1|0|1|0|||0|0
NormalTL_H_3034|2|1754002802|1754006402|6360.00000|6360.00000|25600|2|1|0|1|0|||0|0
NormalTL_H_3043|2|1753997402|1754001002|6366.00000|6366.00000|25600|2|1|0|1|0|||0|0
NormalTL_H_3059|2|1753988400|1753992000|6402.00000|6402.00000|25600|2|1|0|1|0|||0|0
NormalTL_H_3074|2|1753947000|1753950600|6432.00000|6432.00000|25600|2|1|0|1|0|||0|0
NormalTL_H_3091|2|1753913700|1753917300|6354.00000|6354.00000|25600|2|1|0|1|0|||0|0
NormalTL_H_3102|2|1753911000|1753914600|6396.00000|6396.00000|25600|2|1|0|1|0|||0|0
NormalTL_H_3116|2|1753785900|1753789500|6408.00000|6408.00000|25600|2|1|0|1|0|||0|0
NormalTL_H_3128|2|1753664403|1753668003|6420.00000|6420.00000|25600|2|1|0|1|0|||0|0
NormalTL_H_3138|2|1753412400|1753416000|6384.00000|6384.00000|25600|2|1|0|1|0|||0|0
NormalTL_H_3156|2|1753264800|1753268400|6336.00000|6336.00000|25600|2|1|0|1|0|||0|0
NormalTL_H_316|2|1763747102|1763750702|6552.00000|6552.00000|25600|2|1|0|1|0|||0|0
NormalTL_H_3176|2|1753117200|1753120800|6336.00000|6336.00000|25600|2|1|0|1|0|||0|0
NormalTL_H_3221|2|1752690600|1752694200|6234.00000|6234.00000|25600|2|1|0|1|0|||0|0
NormalTL_H_3233|2|1752679800|1752683400|6258.00000|6258.00000|25600|2|1|0|1|0|||0|0
NormalTL_H_3245|2|1752611400|1752615000|6270.00000|6270.00000|25600|2|1|0|1|0|||0|0
NormalTL_H_3254|2|1752585300|1752588900|6300.00000|6300.00000|25600|2|1|0|1|0|||0|0
NormalTL_H_3260|2|1752554701|1752558301|6288.00000|6288.00000|25600|2|1|0|1|0|||0|0
NormalTL_H_329|2|1763745301|1763748901|6570.00000|6570.00000|25600|2|1|0|1|0|||0|0
NormalTL_H_3296|2|1752207300|1752210900|6264.00000|6264.00000|25600|2|1|0|1|0|||0|0
NormalTL_H_33|2|1764869400|1764873000|6858.00000|6858.00000|25600|2|1|0|1|0|||0|0
NormalTL_H_3306|2|1752177600|1752181200|6288.00000|6288.00000|25600|2|1|0|1|0|||0|0
NormalTL_H_3316|2|1752097500|1752101100|6264.00000|6264.00000|25600|2|1|0|1|0|||0|0
NormalTL_H_3325|2|1752078602|1752082202|6270.00000|6270.00000|25600|2|1|0|1|0|||0|0
NormalTL_H_3338|2|1752000300|1752003900|6240.00000|6240.00000|25600|2|1|0|1|0|||0|0
NormalTL_H_3344|2|1751952600|1751956200|6240.00000|6240.00000|25600|2|1|0|1|0|||0|0
NormalTL_H_335|2|1763744401|1763748001|6570.00000|6570.00000|25600|2|1|0|1|0|||0|0
NormalTL_H_3350|2|1751924701|1751928301|6228.00000|6228.00000|25600|2|1|0|1|0|||0|0
NormalTL_H_3370|2|1751892300|1751895900|6264.00000|6264.00000|25600|2|1|0|1|0|||0|0
NormalTL_H_3376|2|1751850002|1751853602|6264.00000|6264.00000|25600|2|1|0|1|0|||0|0
NormalTL_H_3385|2|1751598963|1751602563|6270.00000|6270.00000|25600|2|1|0|1|0|||0|0
NormalTL_H_342|2|1763743500|1763747100|6576.00000|6576.00000|25600|2|1|0|1|0|||0|0
NormalTL_H_354|2|1763736300|1763739900|6576.00000|6576.00000|25600|2|1|0|1|0|||0|0
NormalTL_H_384|2|1763721900|1763725500|6564.00000|6564.00000|25600|2|1|0|1|0|||0|0
NormalTL_H_39|2|1764864000|1764867600|6870.00000|6870.00000|25600|2|1|0|1|0|||0|0
NormalTL_H_399|2|1763694000|1763697600|6570.00000|6570.00000|25600|2|1|0|1|0|||0|0
NormalTL_H_417|2|1763676002|1763679602|6594.00000|6594.00000|25600|2|1|0|1|0|||0|0
NormalTL_H_421|2|1763675101|1763678701|6594.00000|6594.00000|25600|2|1|0|1|0|||0|0
NormalTL_H_426|2|1763673303|1763676903|6588.00000|6588.00000|25600|2|1|0|1|0|||0|0
NormalTL_H_445|2|1763669704|1763673304|6630.00000|6630.00000|25600|2|1|0|1|0|||0|0
NormalTL_H_451|2|1763668807|1763672407|6630.00000|6630.00000|25600|2|1|0|1|0|||0|0
NormalTL_H_462|2|1763667900|1763671500|6588.00000|6588.00000|25600|2|1|0|1|0|||0|0
NormalTL_H_469|2|1763667001|1763670601|6606.00000|6606.00000|25600|2|1|0|1|0|||0|0
NormalTL_H_480|2|1763665201|1763668801|6636.00000|6636.00000|25600|2|1|0|1|0|||0|0
NormalTL_H_510|2|1763659801|1763663401|6768.00000|6768.00000|25600|2|1|0|1|0|||0|0
NormalTL_H_516|2|1763658003|1763661603|6768.00000|6768.00000|25600|2|1|0|1|0|||0|0
NormalTL_H_521|2|1763656200|1763659800|6762.00000|6762.00000|25600|2|1|0|1|0|||0|0
NormalTL_H_531|2|1763641800|1763645400|6726.00000|6726.00000|25600|2|1|0|1|0|||0|0
NormalTL_H_536|2|1763614800|1763618400|6732.00000|6732.00000|25600|2|1|0|1|0|||0|0
NormalTL_H_54|2|1764779400|1764783000|6828.00000|6828.00000|25600|2|1|0|1|0|||0|0
NormalTL_H_554|2|1763590502|1763594102|6660.00000|6660.00000|25600|2|1|0|1|0|||0|0
NormalTL_H_565|2|1763586000|1763589600|6642.00000|6642.00000|25600|2|1|0|1|0|||0|0
NormalTL_H_570|2|1763584202|1763587802|6648.00000|6648.00000|25600|2|1|0|1|0|||0|0
NormalTL_H_585|2|1763577900|1763581500|6642.00000|6642.00000|25600|2|1|0|1|0|||0|0
NormalTL_H_596|2|1763571600|1763575200|6684.00000|6684.00000|25600|2|1|0|1|0|||0|0
NormalTL_H_61|2|1764730800|1764734400|6846.00000|6846.00000|25600|2|1|0|1|0|||0|0
NormalTL_H_610|2|1763554500|1763558100|6648.00000|6648.00000|25600|2|1|0|1|0|||0|0
NormalTL_H_625|2|1763524800|1763528400|6630.00000|6630.00000|25600|2|1|0|1|0|||0|0
NormalTL_H_632|2|1763514000|1763517600|6624.00000|6624.00000|25600|2|1|0|1|0|||0|0
NormalTL_H_649|2|1763497800|1763501400|6666.00000|6666.00000|25600|2|1|0|1|0|||0|0
NormalTL_H_664|2|1763489707|1763493307|6636.00000|6636.00000|25600|2|1|0|1|0|||0|0
NormalTL_H_677|2|1763488800|1763492400|6606.00000|6606.00000|25600|2|1|0|1|0|||0|0
NormalTL_H_682|2|1763487003|1763490603|6612.00000|6612.00000|25600|2|1|0|1|0|||0|0
NormalTL_H_687|2|1763486102|1763489702|6618.00000|6618.00000|25600|2|1|0|1|0|||0|0
NormalTL_H_701|2|1763483402|1763487002|6654.00000|6654.00000|25600|2|1|0|1|0|||0|0
NormalTL_H_72|2|1764702901|1764706501|6840.00000|6840.00000|25600|2|1|0|1|0|||0|0
NormalTL_H_723|2|1763448300|1763451900|6642.00000|6642.00000|25600|2|1|0|1|0|||0|0
NormalTL_H_734|2|1763434800|1763438400|6684.00000|6684.00000|25600|2|1|0|1|0|||0|0
NormalTL_H_738|2|1763420400|1763424000|6684.00000|6684.00000|25600|2|1|0|1|0|||0|0
NormalTL_H_762|2|1763405100|1763408700|6744.00000|6744.00000|25600|2|1|0|1|0|||0|0
NormalTL_H_772|2|1763403300|1763406900|6720.00000|6720.00000|25600|2|1|0|1|0|||0|0
NormalTL_H_787|2|1763397900|1763401500|6750.00000|6750.00000|25600|2|1|0|1|0|||0|0
NormalTL_H_808|2|1763370901|1763374501|6780.00000|6780.00000|25600|2|1|0|1|0|||0|0
NormalTL_H_82|2|1764697501|1764701101|6852.00000|6852.00000|25600|2|1|0|1|0|||0|0
NormalTL_H_826|2|1763156700|1763160300|6768.00000|6768.00000|25600|2|1|0|1|0|||0|0
NormalTL_H_838|2|1763146800|1763150400|6768.00000|6768.00000|25600|2|1|0|1|0|||0|0
NormalTL_H_848|2|1763142301|1763145901|6744.00000|6744.00000|25600|2|1|0|1|0|||0|0
NormalTL_H_868|2|1763136000|1763139600|6684.00000|6684.00000|25600|2|1|0|1|0|||0|0
NormalTL_H_87|2|1764691200|1764694800|6846.00000|6846.00000|25600|2|1|0|1|0|||0|0
NormalTL_H_888|2|1763118000|1763121600|6732.00000|6732.00000|25600|2|1|0|1|0|||0|0
NormalTL_H_898|2|1763104500|1763108100|6744.00000|6744.00000|25600|2|1|0|1|0|||0|0
NormalTL_H_903|2|1763074801|1763078401|6750.00000|6750.00000|25600|2|1|0|1|0|||0|0
NormalTL_H_908|2|1763073000|1763076600|6744.00000|6744.00000|25600|2|1|0|1|0|||0|0
NormalTL_H_924|2|1763060400|1763064000|6780.00000|6780.00000|25600|2|1|0|1|0|||0|0
NormalTL_H_980|2|1762939800|1762943400|6876.00000|6876.00000|25600|2|1|0|1|0|||0|0
NormalTL_H_998|2|1762811100|1762814700|6840.00000|6840.00000|25600|2|1|0|1|0|||0|0
NormalTL_L_1026|2|1762737300|1762740900|6750.00000|6750.00000|3937500|2|1|0|1|0|||0|0
NormalTL_L_1054|2|1762543800|1762547400|6642.00000|6642.00000|3937500|2|1|0|1|0|||0|0
NormalTL_L_1059|2|1762539300|1762542900|6636.00000|6636.00000|3937500|2|1|0|1|0|||0|0
NormalTL_L_107|2|1764610200|1764613800|6804.00000|6804.00000|3937500|2|1|0|1|0|||0|0
NormalTL_L_1071|2|1762534802|1762538402|6660.00000|6660.00000|3937500|2|1|0|1|0|||0|0
NormalTL_L_1078|2|1762533003|1762536603|6666.00000|6666.00000|3937500|2|1|0|1|0|||0|0
NormalTL_L_1090|2|1762521300|1762524900|6690.00000|6690.00000|3937500|2|1|0|1|0|||0|0
NormalTL_L_1103|2|1762494300|1762497900|6708.00000|6708.00000|3937500|2|1|0|1|0|||0|0
NormalTL_L_1113|2|1762469101|1762472701|6720.00000|6720.00000|3937500|2|1|0|1|0|||0|0
NormalTL_L_1124|2|1762459200|1762462800|6714.00000|6714.00000|3937500|2|1|0|1|0|||0|0
NormalTL_L_1129|2|1762456500|1762460100|6708.00000|6708.00000|3937500|2|1|0|1|0|||0|0
NormalTL_L_114|2|1764589500|1764593100|6798.00000|6798.00000|3937500|2|1|0|1|0|||0|0
NormalTL_L_1142|2|1762448400|1762452000|6750.00000|6750.00000|3937500|2|1|0|1|0|||0|0
NormalTL_L_1157|2|1762417800|1762421400|6780.00000|6780.00000|3937500|2|1|0|1|0|||0|0
NormalTL_L_1161|2|1762395301|1762398901|6780.00000|6780.00000|3937500|2|1|0|1|0|||0|0
NormalTL_L_1182|2|1762346700|1762350300|6750.00000|6750.00000|3937500|2|1|0|1|0|||0|0
NormalTL_L_119|2|1764571500|1764575100|6792.00000|6792.00000|3937500|2|1|0|1|0|||0|0
NormalTL_L_1194|2|1762312500|1762316100|6726.00000|6726.00000|3937500|2|1|0|1|0|||0|0
NormalTL_L_1205|2|1762291800|1762295400|6768.00000|6768.00000|3937500|2|1|0|1|0|||0|0
NormalTL_L_1209|2|1762287300|1762290900|6768.00000|6768.00000|3937500|2|1|0|1|0|||0|0
NormalTL_L_1225|2|1762273803|1762277403|6768.00000|6768.00000|3937500|2|1|0|1|0|||0|0
NormalTL_L_1234|2|1762256701|1762260301|6762.00000|6762.00000|3937500|2|1|0|1|0|||0|0
NormalTL_L_1254|2|1762191001|1762194601|6822.00000|6822.00000|3937500|2|1|0|1|0|||0|0
NormalTL_L_1270|2|1762146900|1762150500|6846.00000|6846.00000|3937500|2|1|0|1|0|||0|0
NormalTL_L_1275|2|1761950701|1761954301|6840.00000|6840.00000|3937500|2|1|0|1|0|||0|0
NormalTL_L_1285|2|1761939901|1761943501|6816.00000|6816.00000|3937500|2|1|0|1|0|||0|0
NormalTL_L_1298|2|1761928202|1761931802|6846.00000|6846.00000|3937500|2|1|0|1|0|||0|0
NormalTL_L_13|2|1764949094|1764952694|6852.00000|6852.00000|3937500|2|1|0|1|0|||0|0
NormalTL_L_1314|2|1761864300|1761867900|6822.00000|6822.00000|3937500|2|1|0|1|0|||0|0
NormalTL_L_1330|2|1761844501|1761848101|6858.00000|6858.00000|3937500|2|1|0|1|0|||0|0
NormalTL_L_134|2|1764197100|1764200700|6810.00000|6810.00000|3937500|2|1|0|1|0|||0|0
NormalTL_L_1341|2|1761841801|1761845401|6840.00000|6840.00000|3937500|2|1|0|1|0|||0|0
NormalTL_L_1351|2|1761826500|1761830100|6876.00000|6876.00000|3937500|2|1|0|1|0|||0|0
NormalTL_L_1356|2|1761815700|1761819300|6882.00000|6882.00000|3937500|2|1|0|1|0|||0|0
NormalTL_L_1362|2|1761810301|1761813901|6882.00000|6882.00000|3937500|2|1|0|1|0|||0|0
NormalTL_L_1370|2|1761808500|1761812100|6870.00000|6870.00000|3937500|2|1|0|1|0|||0|0
NormalTL_L_1383|2|1761786000|1761789600|6876.00000|6876.00000|3937500|2|1|0|1|0|||0|0
NormalTL_L_1395|2|1761778800|1761782400|6876.00000|6876.00000|3937500|2|1|0|1|0|||0|0
NormalTL_L_1401|2|1761777001|1761780601|6864.00000|6864.00000|3937500|2|1|0|1|0|||0|0
NormalTL_L_1410|2|1761774307|1761777907|6858.00000|6858.00000|3937500|2|1|0|1|0|||0|0
NormalTL_L_1419|2|1761773406|1761777006|6852.00000|6852.00000|3937500|2|1|0|1|0|||0|0
NormalTL_L_146|2|1764176400|1764180000|6786.00000|6786.00000|3937500|2|1|0|1|0|||0|0
NormalTL_L_1465|2|1761320700|1761324300|6780.00000|6780.00000|3937500|2|1|0|1|0|||0|0
NormalTL_L_1487|2|1761238800|1761242400|6708.00000|6708.00000|3937500|2|1|0|1|0|||0|0
NormalTL_L_1495|2|1761230700|1761234300|6684.00000|6684.00000|3937500|2|1|0|1|0|||0|0
NormalTL_L_1503|2|1761188400|1761192000|6684.00000|6684.00000|3937500|2|1|0|1|0|||0|0
NormalTL_L_1514|2|1761165001|1761168601|6654.00000|6654.00000|3937500|2|1|0|1|0|||0|0
NormalTL_L_1526|2|1761161403|1761165003|6666.00000|6666.00000|3937500|2|1|0|1|0|||0|0
NormalTL_L_1535|2|1761156902|1761160502|6696.00000|6696.00000|3937500|2|1|0|1|0|||0|0
NormalTL_L_154|2|1764154800|1764158400|6774.00000|6774.00000|3937500|2|1|0|1|0|||0|0
NormalTL_L_1582|2|1760960700|1760964300|6678.00000|6678.00000|3937500|2|1|0|1|0|||0|0
NormalTL_L_1589|2|1760926501|1760930101|6660.00000|6660.00000|3937500|2|1|0|1|0|||0|0
NormalTL_L_1614|2|1760724900|1760728500|6606.00000|6606.00000|3937500|2|1|0|1|0|||0|0
NormalTL_L_1620|2|1760723101|1760726701|6618.00000|6618.00000|3937500|2|1|0|1|0|||0|0
NormalTL_L_1633|2|1760720400|1760724000|6624.00000|6624.00000|3937500|2|1|0|1|0|||0|0
NormalTL_L_1640|2|1760718602|1760722202|6606.00000|6606.00000|3937500|2|1|0|1|0|||0|0
NormalTL_L_1664|2|1760698800|1760702400|6534.00000|6534.00000|3937500|2|1|0|1|0|||0|0
NormalTL_L_1668|2|1760696101|1760699701|6534.00000|6534.00000|3937500|2|1|0|1|0|||0|0
NormalTL_L_1689|2|1760655600|1760659200|6612.00000|6612.00000|3937500|2|1|0|1|0|||0|0
NormalTL_L_1694|2|1760652901|1760656501|6606.00000|6606.00000|3937500|2|1|0|1|0|||0|0
NormalTL_L_1702|2|1760649300|1760652900|6594.00000|6594.00000|3937500|2|1|0|1|0|||0|0
NormalTL_L_1715|2|1760644800|1760648400|6636.00000|6636.00000|3937500|2|1|0|1|0|||0|0
NormalTL_L_1722|2|1760643003|1760646603|6618.00000|6618.00000|3937500|2|1|0|1|0|||0|0
NormalTL_L_1746|2|1760634001|1760637601|6678.00000|6678.00000|3937500|2|1|0|1|0|||0|0
NormalTL_L_1751|2|1760632200|1760635800|6684.00000|6684.00000|3937500|2|1|0|1|0|||0|0
NormalTL_L_1760|2|1760580900|1760584500|6666.00000|6666.00000|3937500|2|1|0|1|0|||0|0
NormalTL_L_1765|2|1760567400|1760571000|6660.00000|6660.00000|3937500|2|1|0|1|0|||0|0
NormalTL_L_1777|2|1760559302|1760562902|6612.00000|6612.00000|3937500|2|1|0|1|0|||0|0
NormalTL_L_179|2|1764090900|1764094500|6684.00000|6684.00000|3937500|2|1|0|1|0|||0|0
NormalTL_L_1792|2|1760553900|1760557500|6666.00000|6666.00000|3937500|2|1|0|1|0|||0|0
NormalTL_L_1818|2|1760481902|1760485502|6630.00000|6630.00000|3937500|2|1|0|1|0|||0|0
NormalTL_L_1822|2|1760481005|1760484605|6630.00000|6630.00000|3937500|2|1|0|1|0|||0|0
NormalTL_L_1854|2|1760460306|1760463906|6558.00000|6558.00000|3937500|2|1|0|1|0|||0|0
NormalTL_L_1862|2|1760459403|1760463003|6558.00000|6558.00000|3937500|2|1|0|1|0|||0|0
NormalTL_L_1869|2|1760455801|1760459401|6576.00000|6576.00000|3937500|2|1|0|1|0|||0|0
NormalTL_L_187|2|1764089105|1764092705|6660.00000|6660.00000|3937500|2|1|0|1|0|||0|0
NormalTL_L_1876|2|1760448601|1760452201|6570.00000|6570.00000|3937500|2|1|0|1|0|||0|0
NormalTL_L_1893|2|1760430602|1760434202|6600.00000|6600.00000|3937500|2|1|0|1|0|||0|0
NormalTL_L_1908|2|1760391900|1760395500|6642.00000|6642.00000|3937500|2|1|0|1|0|||0|0
NormalTL_L_1913|2|1760386500|1760390100|6648.00000|6648.00000|3937500|2|1|0|1|0|||0|0
NormalTL_L_1930|2|1760375701|1760379301|6630.00000|6630.00000|3937500|2|1|0|1|0|||0|0
NormalTL_L_1940|2|1760364001|1760367601|6618.00000|6618.00000|3937500|2|1|0|1|0|||0|0
NormalTL_L_1956|2|1760319000|1760322600|6606.00000|6606.00000|3937500|2|1|0|1|0|||0|0
NormalTL_L_196|2|1764086400|1764090000|6690.00000|6690.00000|3937500|2|1|0|1|0|||0|0
NormalTL_L_1981|2|1760139906|1760143506|6504.00000|6504.00000|3937500|2|1|0|1|0|||0|0
NormalTL_L_1997|2|1760135400|1760139000|6564.00000|6564.00000|3937500|2|1|0|1|0|||0|0
NormalTL_L_2011|2|1760126400|1760130000|6600.00000|6600.00000|3937500|2|1|0|1|0|||0|0
NormalTL_L_202|2|1764060300|1764063900|6690.00000|6690.00000|3937500|2|1|0|1|0|||0|0
NormalTL_L_2021|2|1760122803|1760126403|6624.00000|6624.00000|3937500|2|1|0|1|0|||0|0
NormalTL_L_2032|2|1760121002|1760124602|6618.00000|6618.00000|3937500|2|1|0|1|0|||0|0
NormalTL_L_2048|2|1760119202|1760122802|6678.00000|6678.00000|3937500|2|1|0|1|0|||0|0
NormalTL_L_2069|2|1760038200|1760041800|6720.00000|6720.00000|3937500|2|1|0|1|0|||0|0
NormalTL_L_2107|2|1759768201|1759771801|6720.00000|6720.00000|3937500|2|1|0|1|0|||0|0
NormalTL_L_2119|2|1759524301|1759527901|6708.00000|6708.00000|3937500|2|1|0|1|0|||0|0
NormalTL_L_2131|2|1759501800|1759505400|6720.00000|6720.00000|3937500|2|1|0|1|0|||0|0
NormalTL_L_2139|2|1759427100|1759430700|6696.00000|6696.00000|3937500|2|1|0|1|0|||0|0
NormalTL_L_2154|2|1759337100|1759340700|6654.00000|6654.00000|3937500|2|1|0|1|0|||0|0
NormalTL_L_2162|2|1759311901|1759315501|6630.00000|6630.00000|3937500|2|1|0|1|0|||0|0
NormalTL_L_2178|2|1759262400|1759266000|6642.00000|6642.00000|3937500|2|1|0|1|0|||0|0
NormalTL_L_2182|2|1759256100|1759259700|6642.00000|6642.00000|3937500|2|1|0|1|0|||0|0
NormalTL_L_2186|2|1759253400|1759257000|6642.00000|6642.00000|3937500|2|1|0|1|0|||0|0
NormalTL_L_2190|2|1759227300|1759230900|6642.00000|6642.00000|3937500|2|1|0|1|0|||0|0
NormalTL_L_2212|2|1758908700|1758912300|6606.00000|6606.00000|3937500|2|1|0|1|0|||0|0
NormalTL_L_2216|2|1758906900|1758910500|6606.00000|6606.00000|3937500|2|1|0|1|0|||0|0
NormalTL_L_2228|2|1758902400|1758906000|6618.00000|6618.00000|3937500|2|1|0|1|0|||0|0
NormalTL_L_223|2|1764002702|1764006302|6636.00000|6636.00000|3937500|2|1|0|1|0|||0|0
NormalTL_L_2244|2|1758834000|1758837600|6570.00000|6570.00000|3937500|2|1|0|1|0|||0|0
NormalTL_L_2263|2|1758817802|1758821402|6576.00000|6576.00000|3937500|2|1|0|1|0|||0|0
NormalTL_L_2279|2|1758739502|1758743102|6624.00000|6624.00000|3937500|2|1|0|1|0|||0|0
NormalTL_L_2291|2|1758659401|1758663001|6648.00000|6648.00000|3937500|2|1|0|1|0|||0|0
NormalTL_L_2307|2|1758536100|1758539700|6636.00000|6636.00000|3937500|2|1|0|1|0|||0|0
NormalTL_L_2318|2|1758303900|1758307500|6630.00000|6630.00000|3937500|2|1|0|1|0|||0|0
NormalTL_L_2323|2|1758273300|1758276900|6624.00000|6624.00000|3937500|2|1|0|1|0|||0|0
NormalTL_L_2330|2|1758221100|1758224700|6630.00000|6630.00000|3937500|2|1|0|1|0|||0|0
NormalTL_L_2341|2|1758213901|1758217501|6612.00000|6612.00000|3937500|2|1|0|1|0|||0|0
NormalTL_L_2358|2|1758149100|1758152700|6594.00000|6594.00000|3937500|2|1|0|1|0|||0|0
NormalTL_L_2373|2|1758145503|1758149103|6552.00000|6552.00000|3937500|2|1|0|1|0|||0|0
NormalTL_L_2388|2|1758143704|1758147304|6582.00000|6582.00000|3937500|2|1|0|1|0|||0|0
NormalTL_L_2399|2|1758137400|1758141000|6588.00000|6588.00000|3937500|2|1|0|1|0|||0|0
NormalTL_L_2404|2|1758108600|1758112200|6594.00000|6594.00000|3937500|2|1|0|1|0|||0|0
NormalTL_L_2434|2|1757604601|1757608201|6534.00000|6534.00000|3937500|2|1|0|1|0|||0|0
NormalTL_L_2440|2|1757538900|1757542500|6522.00000|6522.00000|3937500|2|1|0|1|0|||0|0
NormalTL_L_2458|2|1757439000|1757442600|6486.00000|6486.00000|3937500|2|1|0|1|0|||0|0
NormalTL_L_2466|2|1757359800|1757363400|6486.00000|6486.00000|3937500|2|1|0|1|0|||0|0
NormalTL_L_2477|2|1757104200|1757107800|6456.00000|6456.00000|3937500|2|1|0|1|0|||0|0
NormalTL_L_2487|2|1757094301|1757097901|6444.00000|6444.00000|3937500|2|1|0|1|0|||0|0
NormalTL_L_25|2|1764882902|1764886502|6828.00000|6828.00000|3937500|2|1|0|1|0|||0|0
NormalTL_L_2504|2|1757085300|1757088900|6498.00000|6498.00000|3937500|2|1|0|1|0|||0|0
NormalTL_L_251|2|1763949600|1763953200|6624.00000|6624.00000|3937500|2|1|0|1|0|||0|0
NormalTL_L_2525|2|1756931400|1756935000|6420.00000|6420.00000|3937500|2|1|0|1|0|||0|0
NormalTL_L_2549|2|1756837801|1756841401|6360.00000|6360.00000|3937500|2|1|0|1|0|||0|0
NormalTL_L_2561|2|1756830600|1756834200|6372.00000|6372.00000|3937500|2|1|0|1|0|||0|0
NormalTL_L_2582|2|1756711800|1756715400|6450.00000|6450.00000|3937500|2|1|0|1|0|||0|0
NormalTL_L_2609|2|1756399501|1756403101|6468.00000|6468.00000|3937500|2|1|0|1|0|||0|0
NormalTL_L_261|2|1763765103|1763768703|6600.00000|6600.00000|3937500|2|1|0|1|0|||0|0
NormalTL_L_2620|2|1756336503|1756340103|6450.00000|6450.00000|3937500|2|1|0|1|0|||0|0
NormalTL_L_2639|2|1756202400|1756206000|6420.00000|6420.00000|3937500|2|1|0|1|0|||0|0
NormalTL_L_2643|2|1756179001|1756182601|6420.00000|6420.00000|3937500|2|1|0|1|0|||0|0
NormalTL_L_2648|2|1756177200|1756180800|6426.00000|6426.00000|3937500|2|1|0|1|0|||0|0
NormalTL_L_266|2|1763764201|1763767801|6606.00000|6606.00000|3937500|2|1|0|1|0|||0|0
NormalTL_L_2694|2|1755805500|1755809100|6354.00000|6354.00000|3937500|2|1|0|1|0|||0|0
NormalTL_L_2707|2|1755794700|1755798300|6360.00000|6360.00000|3937500|2|1|0|1|0|||0|0
NormalTL_L_2721|2|1755723600|1755727200|6372.00000|6372.00000|3937500|2|1|0|1|0|||0|0
NormalTL_L_2731|2|1755710100|1755713700|6348.00000|6348.00000|3937500|2|1|0|1|0|||0|0
NormalTL_L_2742|2|1755669600|1755673200|6390.00000|6390.00000|3937500|2|1|0|1|0|||0|0
NormalTL_L_2758|2|1755574200|1755577800|6438.00000|6438.00000|3937500|2|1|0|1|0|||0|0
NormalTL_L_2769|2|1755295200|1755298800|6444.00000|6444.00000|3937500|2|1|0|1|0|||0|0
NormalTL_L_2773|2|1755277200|1755280800|6444.00000|6444.00000|3937500|2|1|0|1|0|||0|0
NormalTL_L_2786|2|1755195300|1755198900|6450.00000|6450.00000|3937500|2|1|0|1|0|||0|0
NormalTL_L_279|2|1763758800|1763762400|6636.00000|6636.00000|3937500|2|1|0|1|0|||0|0
NormalTL_L_2793|2|1755185403|1755189003|6432.00000|6432.00000|3937500|2|1|0|1|0|||0|0
NormalTL_L_2802|2|1755106200|1755109800|6450.00000|6450.00000|3937500|2|1|0|1|0|||0|0
NormalTL_L_2836|2|1754952300|1754955900|6366.00000|6366.00000|3937500|2|1|0|1|0|||0|0
NormalTL_L_2843|2|1754929800|1754933400|6384.00000|6384.00000|3937500|2|1|0|1|0|||0|0
NormalTL_L_2867|2|1754598600|1754602200|6312.00000|6312.00000|3937500|2|1|0|1|0|||0|0
NormalTL_L_2898|2|1754500500|1754504100|6306.00000|6306.00000|3937500|2|1|0|1|0|||0|0
NormalTL_L_2902|2|1754484300|1754487900|6306.00000|6306.00000|3937500|2|1|0|1|0|||0|0
NormalTL_L_291|2|1763755202|1763758802|6588.00000|6588.00000|3937500|2|1|0|1|0|||0|0
NormalTL_L_2911|2|1754442000|1754445600|6288.00000|6288.00000|3937500|2|1|0|1|0|||0|0
NormalTL_L_2920|2|1754415001|1754418601|6294.00000|6294.00000|3937500|2|1|0|1|0|||0|0
NormalTL_L_2955|2|1754269200|1754272800|6228.00000|6228.00000|3937500|2|1|0|1|0|||0|0
NormalTL_L_2967|2|1754079300|1754082900|6216.00000|6216.00000|3937500|2|1|0|1|0|||0|0
NormalTL_L_2991|2|1754067601|1754071201|6216.00000|6216.00000|3937500|2|1|0|1|0|||0|0
NormalTL_L_3010|2|1754055000|1754058600|6270.00000|6270.00000|3937500|2|1|0|1|0|||0|0
NormalTL_L_3026|2|1754011801|1754015401|6318.00000|6318.00000|3937500|2|1|0|1|0|||0|0
NormalTL_L_3038|2|1754001901|1754005501|6330.00000|6330.00000|3937500|2|1|0|1|0|||0|0
NormalTL_L_3047|2|1753996502|1754000102|6336.00000|6336.00000|3937500|2|1|0|1|0|||0|0
NormalTL_L_3063|2|1753984801|1753988401|6372.00000|6372.00000|3937500|2|1|0|1|0|||0|0
NormalTL_L_3089|2|1753913702|1753917302|6336.00000|6336.00000|3937500|2|1|0|1|0|||0|0
NormalTL_L_3093|2|1753912800|1753916400|6336.00000|6336.00000|3937500|2|1|0|1|0|||0|0
NormalTL_L_31|2|1764870300|1764873900|6840.00000|6840.00000|3937500|2|1|0|1|0|||0|0
NormalTL_L_3108|2|1753821000|1753824600|6366.00000|6366.00000|3937500|2|1|0|1|0|||0|0
NormalTL_L_3120|2|1753733700|1753737300|6378.00000|6378.00000|3937500|2|1|0|1|0|||0|0
NormalTL_L_313|2|1763748001|1763751601|6528.00000|6528.00000|3937500|2|1|0|1|0|||0|0
NormalTL_L_3136|2|1753437600|1753441200|6366.00000|6366.00000|3937500|2|1|0|1|0|||0|0
NormalTL_L_3154|2|1753289100|1753292700|6318.00000|6318.00000|3937500|2|1|0|1|0|||0|0
NormalTL_L_3166|2|1753202702|1753206302|6282.00000|6282.00000|3937500|2|1|0|1|0|||0|0
NormalTL_L_320|2|1763746203|1763749803|6522.00000|6522.00000|3937500|2|1|0|1|0|||0|0
NormalTL_L_3217|2|1752690604|1752694204|6204.00000|6204.00000|3937500|2|1|0|1|0|||0|0
NormalTL_L_3223|2|1752689703|1752693303|6216.00000|6216.00000|3937500|2|1|0|1|0|||0|0
NormalTL_L_3238|2|1752629400|1752633000|6222.00000|6222.00000|3937500|2|1|0|1|0|||0|0
NormalTL_L_3247|2|1752608700|1752612300|6252.00000|6252.00000|3937500|2|1|0|1|0|||0|0
NormalTL_L_3258|2|1752556500|1752560100|6270.00000|6270.00000|3937500|2|1|0|1|0|||0|0
NormalTL_L_3274|2|1752454803|1752458403|6222.00000|6222.00000|3937500|2|1|0|1|0|||0|0
NormalTL_L_3292|2|1752237900|1752241500|6234.00000|6234.00000|3937500|2|1|0|1|0|||0|0
NormalTL_L_3314|2|1752118200|1752121800|6246.00000|6246.00000|3937500|2|1|0|1|0|||0|0
NormalTL_L_332|2|1763744404|1763748004|6546.00000|6546.00000|3937500|2|1|0|1|0|||0|0
NormalTL_L_3320|2|1752082202|1752085802|6234.00000|6234.00000|3937500|2|1|0|1|0|||0|0
NormalTL_L_3333|2|1752014700|1752018300|6216.00000|6216.00000|3937500|2|1|0|1|0|||0|0
NormalTL_L_3348|2|1751931000|1751934600|6210.00000|6210.00000|3937500|2|1|0|1|0|||0|0
NormalTL_L_3363|2|1751915702|1751919302|6216.00000|6216.00000|3937500|2|1|0|1|0|||0|0
NormalTL_L_338|2|1763743504|1763747104|6546.00000|6546.00000|3937500|2|1|0|1|0|||0|0
NormalTL_L_3380|2|1751626800|1751630400|6234.00000|6234.00000|3937500|2|1|0|1|0|||0|0
NormalTL_L_344|2|1763742601|1763746201|6558.00000|6558.00000|3937500|2|1|0|1|0|||0|0
NormalTL_L_35|2|1764866700|1764870300|6840.00000|6840.00000|3937500|2|1|0|1|0|||0|0
NormalTL_L_352|2|1763737200|1763740800|6558.00000|6558.00000|3937500|2|1|0|1|0|||0|0
NormalTL_L_363|2|1763733600|1763737200|6516.00000|6516.00000|3937500|2|1|0|1|0|||0|0
NormalTL_L_376|2|1763726402|1763730002|6510.00000|6510.00000|3937500|2|1|0|1|0|||0|0
NormalTL_L_390|2|1763718301|1763721901|6534.00000|6534.00000|3937500|2|1|0|1|0|||0|0
NormalTL_L_406|2|1763686800|1763690400|6522.00000|6522.00000|3937500|2|1|0|1|0|||0|0
NormalTL_L_419|2|1763676000|1763679600|6576.00000|6576.00000|3937500|2|1|0|1|0|||0|0
NormalTL_L_424|2|1763674200|1763677800|6570.00000|6570.00000|3937500|2|1|0|1|0|||0|0
NormalTL_L_431|2|1763672401|1763676001|6552.00000|6552.00000|3937500|2|1|0|1|0|||0|0
NormalTL_L_448|2|1763669701|1763673301|6606.00000|6606.00000|3937500|2|1|0|1|0|||0|0
NormalTL_L_460|2|1763667902|1763671502|6570.00000|6570.00000|3937500|2|1|0|1|0|||0|0
NormalTL_L_464|2|1763667006|1763670606|6570.00000|6570.00000|3937500|2|1|0|1|0|||0|0
NormalTL_L_472|2|1763666101|1763669701|6582.00000|6582.00000|3937500|2|1|0|1|0|||0|0
NormalTL_L_483|2|1763664308|1763667908|6612.00000|6612.00000|3937500|2|1|0|1|0|||0|0
NormalTL_L_513|2|1763658901|1763662501|6744.00000|6744.00000|3937500|2|1|0|1|0|||0|0
NormalTL_L_519|2|1763658000|1763661600|6744.00000|6744.00000|3937500|2|1|0|1|0|||0|0
NormalTL_L_52|2|1764780300|1764783900|6810.00000|6810.00000|3937500|2|1|0|1|0|||0|0
NormalTL_L_529|2|1763643600|1763647200|6708.00000|6708.00000|3937500|2|1|0|1|0|||0|0
NormalTL_L_533|2|1763637300|1763640900|6708.00000|6708.00000|3937500|2|1|0|1|0|||0|0
NormalTL_L_551|2|1763592301|1763595901|6636.00000|6636.00000|3937500|2|1|0|1|0|||0|0
NormalTL_L_56|2|1764777603|1764781203|6810.00000|6810.00000|3937500|2|1|0|1|0|||0|0
NormalTL_L_561|2|1763586902|1763590502|6612.00000|6612.00000|3937500|2|1|0|1|0|||0|0
NormalTL_L_567|2|1763585101|1763588701|6624.00000|6624.00000|3937500|2|1|0|1|0|||0|0
NormalTL_L_578|2|1763580602|1763584202|6606.00000|6606.00000|3937500|2|1|0|1|0|||0|0
NormalTL_L_587|2|1763576100|1763579700|6624.00000|6624.00000|3937500|2|1|0|1|0|||0|0
NormalTL_L_606|2|1763568001|1763571601|6618.00000|6618.00000|3937500|2|1|0|1|0|||0|0
NormalTL_L_620|2|1763537400|1763541000|6594.00000|6594.00000|3937500|2|1|0|1|0|||0|0
NormalTL_L_630|2|1763517600|1763521200|6606.00000|6606.00000|3937500|2|1|0|1|0|||0|0
NormalTL_L_634|2|1763506800|1763510400|6606.00000|6606.00000|3937500|2|1|0|1|0|||0|0
NormalTL_L_646|2|1763498701|1763502301|6642.00000|6642.00000|3937500|2|1|0|1|0|||0|0
NormalTL_L_659|2|1763493301|1763496901|6600.00000|6600.00000|3937500|2|1|0|1|0|||0|0
NormalTL_L_673|2|1763488804|1763492404|6576.00000|6576.00000|3937500|2|1|0|1|0|||0|0
NormalTL_L_679|2|1763487901|1763491501|6588.00000|6588.00000|3937500|2|1|0|1|0|||0|0
NormalTL_L_684|2|1763487001|1763490601|6594.00000|6594.00000|3937500|2|1|0|1|0|||0|0
NormalTL_L_691|2|1763485201|1763488801|6588.00000|6588.00000|3937500|2|1|0|1|0|||0|0
NormalTL_L_707|2|1763477100|1763480700|6624.00000|6624.00000|3937500|2|1|0|1|0|||0|0
NormalTL_L_720|2|1763454601|1763458201|6618.00000|6618.00000|3937500|2|1|0|1|0|||0|0
NormalTL_L_725|2|1763446501|1763450101|6624.00000|6624.00000|3937500|2|1|0|1|0|||0|0
NormalTL_L_736|2|1763432100|1763435700|6666.00000|6666.00000|3937500|2|1|0|1|0|||0|0
NormalTL_L_744|2|1763415900|1763419500|6642.00000|6642.00000|3937500|2|1|0|1|0|||0|0
NormalTL_L_76|2|1764699301|1764702901|6810.00000|6810.00000|3937500|2|1|0|1|0|||0|0
NormalTL_L_769|2|1763403303|1763406903|6696.00000|6696.00000|3937500|2|1|0|1|0|||0|0
NormalTL_L_774|2|1763402401|1763406001|6702.00000|6702.00000|3937500|2|1|0|1|0|||0|0
NormalTL_L_793|2|1763396100|1763399700|6708.00000|6708.00000|3937500|2|1|0|1|0|||0|0
NormalTL_L_817|2|1763341201|1763344801|6720.00000|6720.00000|3937500|2|1|0|1|0|||0|0
NormalTL_L_831|2|1763152200|1763155800|6732.00000|6732.00000|3937500|2|1|0|1|0|||0|0
NormalTL_L_846|2|1763143200|1763146800|6726.00000|6726.00000|3937500|2|1|0|1|0|||0|0
NormalTL_L_85|2|1764695700|1764699300|6828.00000|6828.00000|3937500|2|1|0|1|0|||0|0
NormalTL_L_864|2|1763137803|1763141403|6654.00000|6654.00000|3937500|2|1|0|1|0|||0|0
NormalTL_L_871|2|1763133300|1763136900|6660.00000|6660.00000|3937500|2|1|0|1|0|||0|0
NormalTL_L_891|2|1763115300|1763118900|6708.00000|6708.00000|3937500|2|1|0|1|0|||0|0
NormalTL_L_900|2|1763102700|1763106300|6726.00000|6726.00000|3937500|2|1|0|1|0|||0|0
NormalTL_L_906|2|1763073900|1763077500|6726.00000|6726.00000|3937500|2|1|0|1|0|||0|0
NormalTL_L_926|2|1763058600|1763062200|6762.00000|6762.00000|3937500|2|1|0|1|0|||0|0
NormalTL_L_93|2|1764652500|1764656100|6804.00000|6804.00000|3937500|2|1|0|1|0|||0|0
NormalTL_L_962|2|1762995601|1762999201|6834.00000|6834.00000|3937500|2|1|0|1|0|||0|0
SpecialRect_H_1076|16|1762533900|1762542540|6684.00000|6678.00000|9498256|1|0|0|1|0|||0|0
SpecialRect_H_1110|16|1762471800|1762480440|6744.00000|6738.00000|9498256|1|0|0|1|0|||0|0
SpecialRect_H_1188|16|1762321500|1762330140|6768.00000|6762.00000|9498256|1|0|0|1|0|||0|0
SpecialRect_H_1328|16|1761845400|1761854040|6876.00000|6870.00000|9498256|1|0|0|1|0|||0|0
SpecialRect_H_140|16|1764180900|1764189540|6828.00000|6822.00000|9498256|1|0|0|1|0|||0|0
SpecialRect_H_1406|16|1761775202|1761783842|6888.00000|6882.00000|9498256|1|0|0|1|0|||0|0
SpecialRect_H_1570|16|1760990400|1760999040|6744.00000|6738.00000|9498256|1|0|0|1|0|||0|0
SpecialRect_H_1629|16|1760720404|1760729044|6654.00000|6648.00000|9498256|1|0|0|1|0|||0|0
SpecialRect_H_1645|16|1760713201|1760721841|6630.00000|6624.00000|9498256|1|0|0|1|0|||0|0
SpecialRect_H_1742|16|1760635800|1760644440|6708.00000|6702.00000|9498256|1|0|0|1|0|||0|0
SpecialRect_H_1831|16|1760471100|1760479740|6678.00000|6672.00000|9498256|1|0|0|1|0|||0|0
SpecialRect_H_2019|16|1760123700|1760132340|6642.00000|6636.00000|9498256|1|0|0|1|0|||0|0
SpecialRect_H_2083|16|1759963500|1759972140|6762.00000|6756.00000|9498256|1|0|0|1|0|||0|0
SpecialRect_H_2288|16|1758675600|1758684240|6672.00000|6666.00000|9498256|1|0|0|1|0|||0|0
SpecialRect_H_2362|16|1758147301|1758155941|6612.00000|6606.00000|9498256|1|0|0|1|0|||0|0
SpecialRect_H_2448|16|1757518200|1757526840|6552.00000|6546.00000|9498256|1|0|0|1|0|||0|0
SpecialRect_H_2483|16|1757096102|1757104742|6474.00000|6468.00000|9498256|1|0|0|1|0|||0|0
SpecialRect_H_2614|16|1756375200|1756383840|6492.00000|6486.00000|9498256|1|0|0|1|0|||0|0
SpecialRect_H_2627|16|1756326600|1756335240|6486.00000|6480.00000|9498256|1|0|0|1|0|||0|0
SpecialRect_H_2659|16|1755883801|1755892441|6474.00000|6468.00000|9498256|1|0|0|1|0|||0|0
SpecialRect_H_2691|16|1755808201|1755816841|6378.00000|6372.00000|9498256|1|0|0|1|0|||0|0
SpecialRect_H_2800|16|1755123300|1755131940|6468.00000|6462.00000|9498256|1|0|0|1|0|||0|0
SpecialRect_H_2825|16|1755012604|1755021244|6414.00000|6408.00000|9498256|1|0|0|1|0|||0|0
SpecialRect_H_2849|16|1754694000|1754702640|6402.00000|6396.00000|9498256|1|0|0|1|0|||0|0
SpecialRect_H_2932|16|1754351100|1754359740|6348.00000|6342.00000|9498256|1|0|0|1|0|||0|0
SpecialRect_H_298|16|1763750704|1763759344|6624.00000|6618.00000|9498256|1|0|0|1|0|||0|0
SpecialRect_H_3190|16|1752804000|1752812640|6312.00000|6306.00000|9498256|1|0|0|1|0|||0|0
SpecialRect_H_3286|16|1752254100|1752262740|6264.00000|6258.00000|9498256|1|0|0|1|0|||0|0
SpecialRect_H_3361|16|1751916600|1751925240|6234.00000|6228.00000|9498256|1|0|0|1|0|||0|0
SpecialRect_H_350|16|1763738100|1763746740|6576.00000|6570.00000|9498256|1|0|0|1|0|||0|0
SpecialRect_H_370|16|1763730000|1763738640|6552.00000|6546.00000|9498256|1|0|0|1|0|||0|0
SpecialRect_H_644|16|1763501400|1763510040|6660.00000|6654.00000|9498256|1|0|0|1|0|||0|0
SpecialRect_H_714|16|1763461800|1763470440|6660.00000|6654.00000|9498256|1|0|0|1|0|||0|0
SpecialRect_H_939|16|1763053201|1763061841|6822.00000|6816.00000|9498256|1|0|0|1|0|||0|0
SpecialRect_H_958|16|1763002801|1763011441|6864.00000|6858.00000|9498256|1|0|0|1|0|||0|0
SpecialRect_H_969|16|1762975800|1762984440|6858.00000|6852.00000|9498256|1|0|0|1|0|||0|0
SpecialRect_L_1012|16|1762797600|1762806240|6780.00000|6774.00000|13353215|1|0|0|1|0|||0|0
SpecialRect_L_1543|16|1761154200|1761162840|6714.00000|6708.00000|13353215|1|0|0|1|0|||0|0
SpecialRect_L_1557|16|1761075900|1761084540|6738.00000|6732.00000|13353215|1|0|0|1|0|||0|0
SpecialRect_L_1566|16|1761036300|1761044940|6732.00000|6726.00000|13353215|1|0|0|1|0|||0|0
SpecialRect_L_1604|16|1760730301|1760738941|6636.00000|6630.00000|13353215|1|0|0|1|0|||0|0
SpecialRect_L_1885|16|1760437800|1760446440|6594.00000|6588.00000|13353215|1|0|0|1|0|||0|0
SpecialRect_L_1923|16|1760377501|1760386141|6630.00000|6624.00000|13353215|1|0|0|1|0|||0|0
SpecialRect_L_2094|16|1759861800|1759870440|6708.00000|6702.00000|13353215|1|0|0|1|0|||0|0
SpecialRect_L_241|16|1763982903|1763991543|6618.00000|6612.00000|13353215|1|0|0|1|0|||0|0
SpecialRect_L_2420|16|1757716200|1757724840|6588.00000|6582.00000|13353215|1|0|0|1|0|||0|0
SpecialRect_L_2594|16|1756486801|1756495441|6456.00000|6450.00000|13353215|1|0|0|1|0|||0|0
SpecialRect_L_2685|16|1755855001|1755863641|6354.00000|6348.00000|13353215|1|0|0|1|0|||0|0
SpecialRect_L_2764|16|1755509400|1755518040|6444.00000|6438.00000|13353215|1|0|0|1|0|||0|0
SpecialRect_L_2820|16|1755017101|1755025741|6396.00000|6390.00000|13353215|1|0|0|1|0|||0|0
SpecialRect_L_2961|16|1754084700|1754093340|6234.00000|6228.00000|13353215|1|0|0|1|0|||0|0
SpecialRect_L_2980|16|1754070301|1754078941|6240.00000|6234.00000|13353215|1|0|0|1|0|||0|0
SpecialRect_L_3185|16|1752858900|1752867540|6294.00000|6288.00000|13353215|1|0|0|1|0|||0|0
SpecialRect_L_3300|16|1752203703|1752212343|6252.00000|6246.00000|13353215|1|0|0|1|0|||0|0
SpecialRect_L_3342|16|1751992200|1752000840|6228.00000|6222.00000|13353215|1|0|0|1|0|||0|0
SpecialRect_L_3355|16|1751922901|1751931541|6210.00000|6204.00000|13353215|1|0|0|1|0|||0|0
SpecialRect_L_3374|16|1751853600|1751862240|6252.00000|6246.00000|13353215|1|0|0|1|0|||0|0
SpecialRect_L_69|16|1764704701|1764713341|6822.00000|6816.00000|13353215|1|0|0|1|0|||0|0
SpecialRect_L_912|16|1763070301|1763078941|6732.00000|6726.00000|13353215|1|0|0|1|0|||0|0
SpecialRect_L_944|16|1763051402|1763060042|6804.00000|6798.00000|13353215|1|0|0|1|0|||0|0
SpecialRect_L_974|16|1762968601|1762977241|6840.00000|6834.00000|13353215|1|0|0|1|0|||0|0
SpecialRect_L_992|16|1762879501|1762888141|6816.00000|6810.00000|13353215|1|0|0|1|0|||0|0
ZZ_H_100|21|1764613801|0|6840.00000|0.00000|25600|1|0|0|0|0|H||8|0|3|0|0|0
ZZ_H_1017|21|1762792201|0|6810.00000|0.00000|25600|1|0|0|0|0|H||8|0|3|0|0|0
ZZ_H_1028|21|1762736403|0|6768.00000|0.00000|25600|1|0|0|0|0|H||8|0|3|0|0|0
ZZ_H_1056|21|1762542901|0|6660.00000|0.00000|25600|1|0|0|0|0|H||8|0|3|0|0|0
ZZ_H_1067|21|1762535702|0|6690.00000|0.00000|25600|1|0|0|0|0|H||8|0|3|0|0|0
ZZ_H_1076|21|1762533900|0|6684.00000|0.00000|25600|1|0|0|0|0|H*||8|0|3|0|0|0
ZZ_H_1088|21|1762523100|0|6708.00000|0.00000|25600|1|0|0|0|0|H||8|0|3|0|0|0
ZZ_H_1098|21|1762501500|0|6744.00000|0.00000|25600|1|0|0|0|0|H||8|0|3|0|0|0
ZZ_H_110|21|1764607500|0|6828.00000|0.00000|25600|1|0|0|0|0|H||8|0|3|0|0|0
ZZ_H_1110|21|1762471800|0|6744.00000|0.00000|25600|1|0|0|0|0|H*||8|0|3|0|0|0
ZZ_H_1118|21|1762463700|0|6756.00000|0.00000|25600|1|0|0|0|0|H||8|0|3|0|0|0
ZZ_H_1126|21|1762457401|0|6732.00000|0.00000|25600|1|0|0|0|0|H||8|0|3|0|0|0
ZZ_H_1140|21|1762449300|0|6768.00000|0.00000|25600|1|0|0|0|0|H||8|0|3|0|0|0
ZZ_H_1152|21|1762438500|0|6816.00000|0.00000|25600|1|0|0|0|0|H||8|0|3|0|0|0
ZZ_H_1159|21|1762403400|0|6798.00000|0.00000|25600|1|0|0|0|0|H||8|0|3|0|0|0
ZZ_H_116|21|1764584100|0|6816.00000|0.00000|25600|1|0|0|0|0|H||8|0|3|0|0|0
ZZ_H_1168|21|1762370100|0|6828.00000|0.00000|25600|1|0|0|0|0|H||8|0|3|0|0|0
ZZ_H_1188|21|1762321500|0|6768.00000|0.00000|25600|1|0|0|0|0|H*||8|0|3|0|0|0
ZZ_H_1203|21|1762293600|0|6786.00000|0.00000|25600|1|0|0|0|0|H||8|0|3|0|0|0
ZZ_H_1207|21|1762289100|0|6786.00000|0.00000|25600|1|0|0|0|0|H||8|0|3|0|0|0
ZZ_H_1218|21|1762275600|0|6816.00000|0.00000|25600|1|0|0|0|0|H||8|0|3|0|0|0
ZZ_H_1228|21|1762273800|0|6792.00000|0.00000|25600|1|0|0|0|0|H||8|0|3|0|0|0
ZZ_H_1249|21|1762194600|0|6858.00000|0.00000|25600|1|0|0|0|0|H||8|0|3|0|0|0
ZZ_H_1264|21|1762185600|0|6876.00000|0.00000|25600|1|0|0|0|0|H||8|0|3|0|0|0
ZZ_H_1272|21|1762131601|0|6864.00000|0.00000|25600|1|0|0|0|0|H||8|0|3|0|0|0
ZZ_H_1278|21|1761948901|0|6864.00000|0.00000|25600|1|0|0|0|0|H||8|0|3|0|0|0
ZZ_H_128|21|1764359100|0|6852.00000|0.00000|25600|1|0|0|0|0|H||8|0|3|0|0|0
ZZ_H_1296|21|1761931800|0|6864.00000|0.00000|25600|1|0|0|0|0|H||8|0|3|0|0|0
ZZ_H_1303|21|1761921900|0|6882.00000|0.00000|25600|1|0|0|0|0|H||8|0|3|0|0|0
ZZ_H_1328|21|1761845400|0|6876.00000|0.00000|25600|1|0|0|0|0|H*||8|0|3|0|0|0
ZZ_H_1333|21|1761843601|0|6882.00000|0.00000|25600|1|0|0|0|0|H||8|0|3|0|0|0
ZZ_H_1349|21|1761831900|0|6894.00000|0.00000|25600|1|0|0|0|0|H||8|0|3|0|0|0
ZZ_H_1354|21|1761819300|0|6900.00000|0.00000|25600|1|0|0|0|0|H||8|0|3|0|0|0
ZZ_H_1359|21|1761812101|0|6906.00000|0.00000|25600|1|0|0|0|0|H||8|0|3|0|0|0
ZZ_H_1365|21|1761809403|0|6906.00000|0.00000|25600|1|0|0|0|0|H||8|0|3|0|0|0
ZZ_H_1377|21|1761800400|0|6918.00000|0.00000|25600|1|0|0|0|0|H||8|0|3|0|0|0
ZZ_H_1390|21|1761778805|0|6912.00000|0.00000|25600|1|0|0|0|0|H||8|0|3|0|0|0
ZZ_H_1397|21|1761777902|0|6894.00000|0.00000|25600|1|0|0|0|0|H||8|0|3|0|0|0
ZZ_H_140|21|1764180900|0|6828.00000|0.00000|25600|1|0|0|0|0|H*||8|0|3|0|0|0
ZZ_H_1406|21|1761775202|0|6888.00000|0.00000|25600|1|0|0|0|0|H*||8|0|3|0|0|0
ZZ_H_1414|21|1761774303|0|6888.00000|0.00000|25600|1|0|0|0|0|H||8|0|3|0|0|0
ZZ_H_1429|21|1761747300|0|6918.00000|0.00000|25600|1|0|0|0|0|H||8|0|3|0|0|0
ZZ_H_1467|21|1761319804|0|6798.00000|0.00000|25600|1|0|0|0|0|H||8|0|3|0|0|0
ZZ_H_148|21|1764175501|0|6804.00000|0.00000|25600|1|0|0|0|0|H||8|0|3|0|0|0
ZZ_H_1489|21|1761237900|0|6726.00000|0.00000|25600|1|0|0|0|0|H||8|0|3|0|0|0
ZZ_H_1499|21|1761193800|0|6714.00000|0.00000|25600|1|0|0|0|0|H||8|0|3|0|0|0
ZZ_H_1505|21|1761170401|0|6702.00000|0.00000|25600|1|0|0|0|0|H||8|0|3|0|0|0
ZZ_H_1521|21|1761162303|0|6702.00000|0.00000|25600|1|0|0|0|0|H||8|0|3|0|0|0
ZZ_H_1533|21|1761158700|0|6714.00000|0.00000|25600|1|0|0|0|0|H||8|0|3|0|0|0
ZZ_H_1539|21|1761156000|0|6726.00000|0.00000|25600|1|0|0|0|0|H||8|0|3|0|0|0
ZZ_H_1553|21|1761116400|0|6750.00000|0.00000|25600|1|0|0|0|0|H||8|0|3|0|0|0
ZZ_H_1559|21|1761068701|0|6750.00000|0.00000|25600|1|0|0|0|0|H||8|0|3|0|0|0
ZZ_H_156|21|1764133200|0|6792.00000|0.00000|25600|1|0|0|0|0|H||8|0|3|0|0|0
ZZ_H_1570|21|1760990400|0|6744.00000|0.00000|25600|1|0|0|0|0|H*||8|0|3|0|0|0
ZZ_H_1584|21|1760944500|0|6696.00000|0.00000|25600|1|0|0|0|0|H||8|0|3|0|0|0
ZZ_H_1592|21|1760922000|0|6684.00000|0.00000|25600|1|0|0|0|0|H||8|0|3|0|0|0
ZZ_H_16|21|1764925203|0|6876.00000|0.00000|25600|1|0|0|0|0|H||8|0|3|0|0|0
ZZ_H_1607|21|1760727600|0|6654.00000|0.00000|25600|1|0|0|0|0|H||8|0|3|0|0|0
ZZ_H_1618|21|1760724000|0|6636.00000|0.00000|25600|1|0|0|0|0|H||8|0|3|0|0|0
ZZ_H_1629|21|1760720404|0|6654.00000|0.00000|25600|1|0|0|0|0|H*||8|0|3|0|0|0
ZZ_H_1635|21|1760719503|0|6642.00000|0.00000|25600|1|0|0|0|0|H||8|0|3|0|0|0
ZZ_H_1645|21|1760713201|0|6630.00000|0.00000|25600|1|0|0|0|0|H*||8|0|3|0|0|0
ZZ_H_1666|21|1760697900|0|6552.00000|0.00000|25600|1|0|0|0|0|H||8|0|3|0|0|0
ZZ_H_1687|21|1760662800|0|6630.00000|0.00000|25600|1|0|0|0|0|H||8|0|3|0|0|0
ZZ_H_1691|21|1760654701|0|6630.00000|0.00000|25600|1|0|0|0|0|H||8|0|3|0|0|0
ZZ_H_1697|21|1760651100|0|6630.00000|0.00000|25600|1|0|0|0|0|H||8|0|3|0|0|0
ZZ_H_1712|21|1760644803|0|6660.00000|0.00000|25600|1|0|0|0|0|H||8|0|3|0|0|0
ZZ_H_1717|21|1760643903|0|6654.00000|0.00000|25600|1|0|0|0|0|H||8|0|3|0|0|0
ZZ_H_1742|21|1760635800|0|6708.00000|0.00000|25600|1|0|0|0|0|H*||8|0|3|0|0|0
ZZ_H_1749|21|1760633101|0|6702.00000|0.00000|25600|1|0|0|0|0|H||8|0|3|0|0|0
ZZ_H_1753|21|1760613300|0|6702.00000|0.00000|25600|1|0|0|0|0|H||8|0|3|0|0|0
ZZ_H_1762|21|1760569201|0|6684.00000|0.00000|25600|1|0|0|0|0|H||8|0|3|0|0|0
ZZ_H_1767|21|1760563800|0|6678.00000|0.00000|25600|1|0|0|0|0|H||8|0|3|0|0|0
ZZ_H_1790|21|1760554800|0|6684.00000|0.00000|25600|1|0|0|0|0|H||8|0|3|0|0|0
ZZ_H_1800|21|1760547600|0|6720.00000|0.00000|25600|1|0|0|0|0|H||8|0|3|0|0|0
ZZ_H_181|21|1764090004|0|6702.00000|0.00000|25600|1|0|0|0|0|H||8|0|3|0|0|0
ZZ_H_1820|21|1760481900|0|6648.00000|0.00000|25600|1|0|0|0|0|H||8|0|3|0|0|0
ZZ_H_1831|21|1760471100|0|6678.00000|0.00000|25600|1|0|0|0|0|H*||8|0|3|0|0|0
ZZ_H_1858|21|1760460302|0|6588.00000|0.00000|25600|1|0|0|0|0|H||8|0|3|0|0|0
ZZ_H_1867|21|1760456700|0|6594.00000|0.00000|25600|1|0|0|0|0|H||8|0|3|0|0|0
ZZ_H_1872|21|1760451300|0|6600.00000|0.00000|25600|1|0|0|0|0|H||8|0|3|0|0|0
ZZ_H_1881|21|1760440500|0|6606.00000|0.00000|25600|1|0|0|0|0|H||8|0|3|0|0|0
ZZ_H_1891|21|1760432400|0|6618.00000|0.00000|25600|1|0|0|0|0|H||8|0|3|0|0|0
ZZ_H_1904|21|1760411701|0|6672.00000|0.00000|25600|1|0|0|0|0|H||8|0|3|0|0|0
ZZ_H_1911|21|1760389200|0|6666.00000|0.00000|25600|1|0|0|0|0|H||8|0|3|0|0|0
ZZ_H_1915|21|1760382900|0|6666.00000|0.00000|25600|1|0|0|0|0|H||8|0|3|0|0|0
ZZ_H_1928|21|1760376600|0|6648.00000|0.00000|25600|1|0|0|0|0|H||8|0|3|0|0|0
ZZ_H_1933|21|1760373902|0|6654.00000|0.00000|25600|1|0|0|0|0|H||8|0|3|0|0|0
ZZ_H_194|21|1764088201|0|6708.00000|0.00000|25600|1|0|0|0|0|H||8|0|3|0|0|0
ZZ_H_1946|21|1760349601|0|6660.00000|0.00000|25600|1|0|0|0|0|H||8|0|3|0|0|0
ZZ_H_1961|21|1760317218|0|6630.00000|0.00000|25600|1|0|0|0|0|H||8|0|3|0|0|0
ZZ_H_199|21|1764081000|0|6714.00000|0.00000|25600|1|0|0|0|0|H||8|0|3|0|0|0
ZZ_H_1995|21|1760136300|0|6582.00000|0.00000|25600|1|0|0|0|0|H||8|0|3|0|0|0
ZZ_H_2008|21|1760127301|0|6624.00000|0.00000|25600|1|0|0|0|0|H||8|0|3|0|0|0
ZZ_H_2019|21|1760123700|0|6642.00000|0.00000|25600|1|0|0|0|0|H*||8|0|3|0|0|0
ZZ_H_2026|21|1760121904|0|6660.00000|0.00000|25600|1|0|0|0|0|H||8|0|3|0|0|0
ZZ_H_2045|21|1760120101|0|6702.00000|0.00000|25600|1|0|0|0|0|H||8|0|3|0|0|0
ZZ_H_205|21|1764021600|0|6714.00000|0.00000|25600|1|0|0|0|0|H||8|0|3|0|0|0
ZZ_H_2061|21|1760113801|0|6762.00000|0.00000|25600|1|0|0|0|0|H||8|0|3|0|0|0
ZZ_H_2083|21|1759963500|0|6762.00000|0.00000|25600|1|0|0|0|0|H*||8|0|3|0|0|0
ZZ_H_2101|21|1759848300|0|6750.00000|0.00000|25600|1|0|0|0|0|H||8|0|3|0|0|0
ZZ_H_2110|21|1759752900|0|6744.00000|0.00000|25600|1|0|0|0|0|H||8|0|3|0|0|0
ZZ_H_2125|21|1759512600|0|6750.00000|0.00000|25600|1|0|0|0|0|H||8|0|3|0|0|0
ZZ_H_2133|21|1759473900|0|6738.00000|0.00000|25600|1|0|0|0|0|H||8|0|3|0|0|0
ZZ_H_2143|21|1759378500|0|6726.00000|0.00000|25600|1|0|0|0|0|H||8|0|3|0|0|0
ZZ_H_2156|21|1759336200|0|6672.00000|0.00000|25600|1|0|0|0|0|H||8|0|3|0|0|0
ZZ_H_2171|21|1759272300|0|6690.00000|0.00000|25600|1|0|0|0|0|H||8|0|3|0|0|0
ZZ_H_2180|21|1759257900|0|6660.00000|0.00000|25600|1|0|0|0|0|H||8|0|3|0|0|0
ZZ_H_2184|21|1759254300|0|6660.00000|0.00000|25600|1|0|0|0|0|H||8|0|3|0|0|0
ZZ_H_2188|21|1759246200|0|6660.00000|0.00000|25600|1|0|0|0|0|H||8|0|3|0|0|0
ZZ_H_2199|21|1759139100|0|6678.00000|0.00000|25600|1|0|0|0|0|H||8|0|3|0|0|0
ZZ_H_2214|21|1758907800|0|6624.00000|0.00000|25600|1|0|0|0|0|H||8|0|3|0|0|0
ZZ_H_2222|21|1758905101|0|6648.00000|0.00000|25600|1|0|0|0|0|H||8|0|3|0|0|0
ZZ_H_2230|21|1758900602|0|6636.00000|0.00000|25600|1|0|0|0|0|H||8|0|3|0|0|0
ZZ_H_2251|21|1758825000|0|6618.00000|0.00000|25600|1|0|0|0|0|H||8|0|3|0|0|0
ZZ_H_227|21|1764001801|0|6666.00000|0.00000|25600|1|0|0|0|0|H||8|0|3|0|0|0
ZZ_H_2274|21|1758754800|0|6648.00000|0.00000|25600|1|0|0|0|0|H||8|0|3|0|0|0
ZZ_H_2288|21|1758675600|0|6672.00000|0.00000|25600|1|0|0|0|0|H*||8|0|3|0|0|0
ZZ_H_2298|21|1758570300|0|6696.00000|0.00000|25600|1|0|0|0|0|H||8|0|3|0|0|0
ZZ_H_2312|21|1758320100|0|6672.00000|0.00000|25600|1|0|0|0|0|H||8|0|3|0|0|0
ZZ_H_2320|21|1758294000|0|6648.00000|0.00000|25600|1|0|0|0|0|H||8|0|3|0|0|0
ZZ_H_2328|21|1758222900|0|6648.00000|0.00000|25600|1|0|0|0|0|H||8|0|3|0|0|0
ZZ_H_2335|21|1758215700|0|6654.00000|0.00000|25600|1|0|0|0|0|H||8|0|3|0|0|0
ZZ_H_2349|21|1758195000|0|6654.00000|0.00000|25600|1|0|0|0|0|H||8|0|3|0|0|0
ZZ_H_2362|21|1758147301|0|6612.00000|0.00000|25600|1|0|0|0|0|H*||8|0|3|0|0|0
ZZ_H_2384|21|1758144602|0|6612.00000|0.00000|25600|1|0|0|0|0|H||8|0|3|0|0|0
ZZ_H_2394|21|1758142804|0|6624.00000|0.00000|25600|1|0|0|0|0|H||8|0|3|0|0|0
ZZ_H_2402|21|1758109500|0|6612.00000|0.00000|25600|1|0|0|0|0|H||8|0|3|0|0|0
ZZ_H_2409|21|1758009600|0|6630.00000|0.00000|25600|1|0|0|0|0|H||8|0|3|0|0|0
ZZ_H_2422|21|1757709900|0|6600.00000|0.00000|25600|1|0|0|0|0|H||8|0|3|0|0|0
ZZ_H_2436|21|1757596500|0|6552.00000|0.00000|25600|1|0|0|0|0|H||8|0|3|0|0|0
ZZ_H_2448|21|1757518200|0|6552.00000|0.00000|25600|1|0|0|0|0|H*||8|0|3|0|0|0
ZZ_H_246|21|1763968500|0|6648.00000|0.00000|25600|1|0|0|0|0|H||8|0|3|0|0|0
ZZ_H_2462|21|1757410200|0|6516.00000|0.00000|25600|1|0|0|0|0|H||8|0|3|0|0|0
ZZ_H_2468|21|1757327400|0|6504.00000|0.00000|25600|1|0|0|0|0|H||8|0|3|0|0|0
ZZ_H_2483|21|1757096102|0|6474.00000|0.00000|25600|1|0|0|0|0|H*||8|0|3|0|0|0
ZZ_H_2500|21|1757086203|0|6528.00000|0.00000|25600|1|0|0|0|0|H||8|0|3|0|0|0
ZZ_H_2506|21|1757044800|0|6516.00000|0.00000|25600|1|0|0|0|0|H||8|0|3|0|0|0
ZZ_H_2531|21|1756919700|0|6450.00000|0.00000|25600|1|0|0|0|0|H||8|0|3|0|0|0
ZZ_H_254|21|1763946004|0|6648.00000|0.00000|25600|1|0|0|0|0|H||8|0|3|0|0|0
ZZ_H_2556|21|1756831503|0|6408.00000|0.00000|25600|1|0|0|0|0|H||8|0|3|0|0|0
ZZ_H_2580|21|1756719900|0|6468.00000|0.00000|25600|1|0|0|0|0|H||8|0|3|0|0|0
ZZ_H_2586|21|1756690200|0|6480.00000|0.00000|25600|1|0|0|0|0|H||8|0|3|0|0|0
ZZ_H_2604|21|1756413900|0|6504.00000|0.00000|25600|1|0|0|0|0|H||8|0|3|0|0|0
ZZ_H_2614|21|1756375200|0|6492.00000|0.00000|25600|1|0|0|0|0|H*||8|0|3|0|0|0
ZZ_H_2627|21|1756326600|0|6486.00000|0.00000|25600|1|0|0|0|0|H*||8|0|3|0|0|0
ZZ_H_264|21|1763765100|0|6624.00000|0.00000|25600|1|0|0|0|0|H||8|0|3|0|0|0
ZZ_H_2641|21|1756180800|0|6438.00000|0.00000|25600|1|0|0|0|0|H||8|0|3|0|0|0
ZZ_H_2646|21|1756178100|0|6444.00000|0.00000|25600|1|0|0|0|0|H||8|0|3|0|0|0
ZZ_H_2659|21|1755883801|0|6474.00000|0.00000|25600|1|0|0|0|0|H*||8|0|3|0|0|0
ZZ_H_2691|21|1755808201|0|6378.00000|0.00000|25600|1|0|0|0|0|H*||8|0|3|0|0|0
ZZ_H_2703|21|1755795602|0|6390.00000|0.00000|25600|1|0|0|0|0|H||8|0|3|0|0|0
ZZ_H_2717|21|1755727201|0|6402.00000|0.00000|25600|1|0|0|0|0|H||8|0|3|0|0|0
ZZ_H_2723|21|1755717300|0|6390.00000|0.00000|25600|1|0|0|0|0|H||8|0|3|0|0|0
ZZ_H_2740|21|1755684000|0|6408.00000|0.00000|25600|1|0|0|0|0|H||8|0|3|0|0|0
ZZ_H_2756|21|1755622800|0|6456.00000|0.00000|25600|1|0|0|0|0|H||8|0|3|0|0|0
ZZ_H_276|21|1763759700|0|6660.00000|0.00000|25600|1|0|0|0|0|H||8|0|3|0|0|0
ZZ_H_2760|21|1755549000|0|6456.00000|0.00000|25600|1|0|0|0|0|H||8|0|3|0|0|0
ZZ_H_2767|21|1755478800|0|6462.00000|0.00000|25600|1|0|0|0|0|H||8|0|3|0|0|0
ZZ_H_2771|21|1755283500|0|6462.00000|0.00000|25600|1|0|0|0|0|H||8|0|3|0|0|0
ZZ_H_2781|21|1755241200|0|6486.00000|0.00000|25600|1|0|0|0|0|H||8|0|3|0|0|0
ZZ_H_2788|21|1755191700|0|6468.00000|0.00000|25600|1|0|0|0|0|H||8|0|3|0|0|0
ZZ_H_2800|21|1755123300|0|6468.00000|0.00000|25600|1|0|0|0|0|H*||8|0|3|0|0|0
ZZ_H_2805|21|1755102600|0|6474.00000|0.00000|25600|1|0|0|0|0|H||8|0|3|0|0|0
ZZ_H_281|21|1763757904|0|6654.00000|0.00000|25600|1|0|0|0|0|H||8|0|3|0|0|0
ZZ_H_2825|21|1755012604|0|6414.00000|0.00000|25600|1|0|0|0|0|H*||8|0|3|0|0|0
ZZ_H_2841|21|1754937900|0|6402.00000|0.00000|25600|1|0|0|0|0|H||8|0|3|0|0|0
ZZ_H_2849|21|1754694000|0|6402.00000|0.00000|25600|1|0|0|0|0|H*||8|0|3|0|0|0
ZZ_H_2884|21|1754569800|0|6396.00000|0.00000|25600|1|0|0|0|0|H||8|0|3|0|0|0
ZZ_H_29|21|1764873900|0|6858.00000|0.00000|25600|1|0|0|0|0|H||8|0|3|0|0|0
ZZ_H_2900|21|1754498700|0|6324.00000|0.00000|25600|1|0|0|0|0|H||8|0|3|0|0|0
ZZ_H_2905|21|1754469900|0|6330.00000|0.00000|25600|1|0|0|0|0|H||8|0|3|0|0|0
ZZ_H_2915|21|1754424000|0|6318.00000|0.00000|25600|1|0|0|0|0|H||8|0|3|0|0|0
ZZ_H_2932|21|1754351100|0|6348.00000|0.00000|25600|1|0|0|0|0|H*||8|0|3|0|0|0
ZZ_H_2957|21|1754088300|0|6246.00000|0.00000|25600|1|0|0|0|0|H||8|0|3|0|0|0
ZZ_H_2963|21|1754083800|0|6246.00000|0.00000|25600|1|0|0|0|0|H||8|0|3|0|0|0
ZZ_H_2974|21|1754073900|0|6264.00000|0.00000|25600|1|0|0|0|0|H||8|0|3|0|0|0
ZZ_H_298|21|1763750704|0|6624.00000|0.00000|25600|1|0|0|0|0|H*||8|0|3|0|0|0
ZZ_H_2983|21|1754069401|0|6258.00000|0.00000|25600|1|0|0|0|0|H||8|0|3|0|0|0
ZZ_H_3004|21|1754062202|0|6300.00000|0.00000|25600|1|0|0|0|0|H||8|0|3|0|0|0
ZZ_H_3023|21|1754022600|0|6342.00000|0.00000|25600|1|0|0|0|0|H||8|0|3|0|0|0
ZZ_H_3034|21|1754002802|0|6360.00000|0.00000|25600|1|0|0|0|0|H||8|0|3|0|0|0
ZZ_H_3043|21|1753997402|0|6366.00000|0.00000|25600|1|0|0|0|0|H||8|0|3|0|0|0
ZZ_H_3059|21|1753988400|0|6402.00000|0.00000|25600|1|0|0|0|0|H||8|0|3|0|0|0
ZZ_H_3074|21|1753947000|0|6432.00000|0.00000|25600|1|0|0|0|0|H||8|0|3|0|0|0
ZZ_H_3091|21|1753913700|0|6354.00000|0.00000|25600|1|0|0|0|0|H||8|0|3|0|0|0
ZZ_H_3102|21|1753911000|0|6396.00000|0.00000|25600|1|0|0|0|0|H||8|0|3|0|0|0
ZZ_H_3116|21|1753785900|0|6408.00000|0.00000|25600|1|0|0|0|0|H||8|0|3|0|0|0
ZZ_H_3128|21|1753664403|0|6420.00000|0.00000|25600|1|0|0|0|0|H||8|0|3|0|0|0
ZZ_H_3138|21|1753412400|0|6384.00000|0.00000|25600|1|0|0|0|0|H||8|0|3|0|0|0
ZZ_H_3156|21|1753264800|0|6336.00000|0.00000|25600|1|0|0|0|0|H||8|0|3|0|0|0
ZZ_H_316|21|1763747102|0|6552.00000|0.00000|25600|1|0|0|0|0|H||8|0|3|0|0|0
ZZ_H_3176|21|1753117200|0|6336.00000|0.00000|25600|1|0|0|0|0|H||8|0|3|0|0|0
ZZ_H_3190|21|1752804000|0|6312.00000|0.00000|25600|1|0|0|0|0|H*||8|0|3|0|0|0
ZZ_H_3221|21|1752690600|0|6234.00000|0.00000|25600|1|0|0|0|0|H||8|0|3|0|0|0
ZZ_H_3233|21|1752679800|0|6258.00000|0.00000|25600|1|0|0|0|0|H||8|0|3|0|0|0
ZZ_H_3245|21|1752611400|0|6270.00000|0.00000|25600|1|0|0|0|0|H||8|0|3|0|0|0
ZZ_H_3254|21|1752585300|0|6300.00000|0.00000|25600|1|0|0|0|0|H||8|0|3|0|0|0
ZZ_H_3260|21|1752554701|0|6288.00000|0.00000|25600|1|0|0|0|0|H||8|0|3|0|0|0
ZZ_H_3286|21|1752254100|0|6264.00000|0.00000|25600|1|0|0|0|0|H*||8|0|3|0|0|0
ZZ_H_329|21|1763745301|0|6570.00000|0.00000|25600|1|0|0|0|0|H||8|0|3|0|0|0
ZZ_H_3296|21|1752207300|0|6264.00000|0.00000|25600|1|0|0|0|0|H||8|0|3|0|0|0
ZZ_H_33|21|1764869400|0|6858.00000|0.00000|25600|1|0|0|0|0|H||8|0|3|0|0|0
ZZ_H_3306|21|1752177600|0|6288.00000|0.00000|25600|1|0|0|0|0|H||8|0|3|0|0|0
ZZ_H_3316|21|1752097500|0|6264.00000|0.00000|25600|1|0|0|0|0|H||8|0|3|0|0|0
ZZ_H_3325|21|1752078602|0|6270.00000|0.00000|25600|1|0|0|0|0|H||8|0|3|0|0|0
ZZ_H_3338|21|1752000300|0|6240.00000|0.00000|25600|1|0|0|0|0|H||8|0|3|0|0|0
ZZ_H_3344|21|1751952600|0|6240.00000|0.00000|25600|1|0|0|0|0|H||8|0|3|0|0|0
ZZ_H_335|21|1763744401|0|6570.00000|0.00000|25600|1|0|0|0|0|H||8|0|3|0|0|0
ZZ_H_3350|21|1751924701|0|6228.00000|0.00000|25600|1|0|0|0|0|H||8|0|3|0|0|0
ZZ_H_3361|21|1751916600|0|6234.00000|0.00000|25600|1|0|0|0|0|H*||8|0|3|0|0|0
ZZ_H_3370|21|1751892300|0|6264.00000|0.00000|25600|1|0|0|0|0|H||8|0|3|0|0|0
ZZ_H_3376|21|1751850002|0|6264.00000|0.00000|25600|1|0|0|0|0|H||8|0|3|0|0|0
ZZ_H_3385|21|1751598963|0|6270.00000|0.00000|25600|1|0|0|0|0|H||8|0|3|0|0|0
ZZ_H_342|21|1763743500|0|6576.00000|0.00000|25600|1|0|0|0|0|H||8|0|3|0|0|0
ZZ_H_350|21|1763738100|0|6576.00000|0.00000|25600|1|0|0|0|0|H*||8|0|3|0|0|0
ZZ_H_354|21|1763736300|0|6576.00000|0.00000|25600|1|0|0|0|0|H||8|0|3|0|0|0
ZZ_H_370|21|1763730000|0|6552.00000|0.00000|25600|1|0|0|0|0|H*||8|0|3|0|0|0
ZZ_H_384|21|1763721900|0|6564.00000|0.00000|25600|1|0|0|0|0|H||8|0|3|0|0|0
ZZ_H_39|21|1764864000|0|6870.00000|0.00000|25600|1|0|0|0|0|H||8|0|3|0|0|0
ZZ_H_399|21|1763694000|0|6570.00000|0.00000|25600|1|0|0|0|0|H||8|0|3|0|0|0
ZZ_H_417|21|1763676002|0|6594.00000|0.00000|25600|1|0|0|0|0|H||8|0|3|0|0|0
ZZ_H_421|21|1763675101|0|6594.00000|0.00000|25600|1|0|0|0|0|H||8|0|3|0|0|0
ZZ_H_426|21|1763673303|0|6588.00000|0.00000|25600|1|0|0|0|0|H||8|0|3|0|0|0
ZZ_H_445|21|1763669704|0|6630.00000|0.00000|25600|1|0|0|0|0|H||8|0|3|0|0|0
ZZ_H_451|21|1763668807|0|6630.00000|0.00000|25600|1|0|0|0|0|H||8|0|3|0|0|0
ZZ_H_462|21|1763667900|0|6588.00000|0.00000|25600|1|0|0|0|0|H||8|0|3|0|0|0
ZZ_H_469|21|1763667001|0|6606.00000|0.00000|25600|1|0|0|0|0|H||8|0|3|0|0|0
ZZ_H_480|21|1763665201|0|6636.00000|0.00000|25600|1|0|0|0|0|H||8|0|3|0|0|0
ZZ_H_510|21|1763659801|0|6768.00000|0.00000|25600|1|0|0|0|0|H||8|0|3|0|0|0
ZZ_H_516|21|1763658003|0|6768.00000|0.00000|25600|1|0|0|0|0|H||8|0|3|0|0|0
ZZ_H_521|21|1763656200|0|6762.00000|0.00000|25600|1|0|0|0|0|H||8|0|3|0|0|0
ZZ_H_531|21|1763641800|0|6726.00000|0.00000|25600|1|0|0|0|0|H||8|0|3|0|0|0
ZZ_H_536|21|1763614800|0|6732.00000|0.00000|25600|1|0|0|0|0|H||8|0|3|0|0|0
ZZ_H_54|21|1764779400|0|6828.00000|0.00000|25600|1|0|0|0|0|H||8|0|3|0|0|0
ZZ_H_554|21|1763590502|0|6660.00000|0.00000|25600|1|0|0|0|0|H||8|0|3|0|0|0
ZZ_H_565|21|1763586000|0|6642.00000|0.00000|25600|1|0|0|0|0|H||8|0|3|0|0|0
ZZ_H_570|21|1763584202|0|6648.00000|0.00000|25600|1|0|0|0|0|H||8|0|3|0|0|0
ZZ_H_585|21|1763577900|0|6642.00000|0.00000|25600|1|0|0|0|0|H||8|0|3|0|0|0
ZZ_H_596|21|1763571600|0|6684.00000|0.00000|25600|1|0|0|0|0|H||8|0|3|0|0|0
ZZ_H_61|21|1764730800|0|6846.00000|0.00000|25600|1|0|0|0|0|H||8|0|3|0|0|0
ZZ_H_610|21|1763554500|0|6648.00000|0.00000|25600|1|0|0|0|0|H||8|0|3|0|0|0
ZZ_H_625|21|1763524800|0|6630.00000|0.00000|25600|1|0|0|0|0|H||8|0|3|0|0|0
ZZ_H_632|21|1763514000|0|6624.00000|0.00000|25600|1|0|0|0|0|H||8|0|3|0|0|0
ZZ_H_644|21|1763501400|0|6660.00000|0.00000|25600|1|0|0|0|0|H*||8|0|3|0|0|0
ZZ_H_649|21|1763497800|0|6666.00000|0.00000|25600|1|0|0|0|0|H||8|0|3|0|0|0
ZZ_H_664|21|1763489707|0|6636.00000|0.00000|25600|1|0|0|0|0|H||8|0|3|0|0|0
ZZ_H_677|21|1763488800|0|6606.00000|0.00000|25600|1|0|0|0|0|H||8|0|3|0|0|0
ZZ_H_682|21|1763487003|0|6612.00000|0.00000|25600|1|0|0|0|0|H||8|0|3|0|0|0
ZZ_H_687|21|1763486102|0|6618.00000|0.00000|25600|1|0|0|0|0|H||8|0|3|0|0|0
ZZ_H_701|21|1763483402|0|6654.00000|0.00000|25600|1|0|0|0|0|H||8|0|3|0|0|0
ZZ_H_714|21|1763461800|0|6660.00000|0.00000|25600|1|0|0|0|0|H*||8|0|3|0|0|0
ZZ_H_72|21|1764702901|0|6840.00000|0.00000|25600|1|0|0|0|0|H||8|0|3|0|0|0
ZZ_H_723|21|1763448300|0|6642.00000|0.00000|25600|1|0|0|0|0|H||8|0|3|0|0|0
ZZ_H_734|21|1763434800|0|6684.00000|0.00000|25600|1|0|0|0|0|H||8|0|3|0|0|0
ZZ_H_738|21|1763420400|0|6684.00000|0.00000|25600|1|0|0|0|0|H||8|0|3|0|0|0
ZZ_H_762|21|1763405100|0|6744.00000|0.00000|25600|1|0|0|0|0|H||8|0|3|0|0|0
ZZ_H_772|21|1763403300|0|6720.00000|0.00000|25600|1|0|0|0|0|H||8|0|3|0|0|0
ZZ_H_787|21|1763397900|0|6750.00000|0.00000|25600|1|0|0|0|0|H||8|0|3|0|0|0
ZZ_H_808|21|1763370901|0|6780.00000|0.00000|25600|1|0|0|0|0|H||8|0|3|0|0|0
ZZ_H_82|21|1764697501|0|6852.00000|0.00000|25600|1|0|0|0|0|H||8|0|3|0|0|0
ZZ_H_826|21|1763156700|0|6768.00000|0.00000|25600|1|0|0|0|0|H||8|0|3|0|0|0
ZZ_H_838|21|1763146800|0|6768.00000|0.00000|25600|1|0|0|0|0|H||8|0|3|0|0|0
ZZ_H_848|21|1763142301|0|6744.00000|0.00000|25600|1|0|0|0|0|H||8|0|3|0|0|0
ZZ_H_868|21|1763136000|0|6684.00000|0.00000|25600|1|0|0|0|0|H||8|0|3|0|0|0
ZZ_H_87|21|1764691200|0|6846.00000|0.00000|25600|1|0|0|0|0|H||8|0|3|0|0|0
ZZ_H_888|21|1763118000|0|6732.00000|0.00000|25600|1|0|0|0|0|H||8|0|3|0|0|0
ZZ_H_898|21|1763104500|0|6744.00000|0.00000|25600|1|0|0|0|0|H||8|0|3|0|0|0
ZZ_H_903|21|1763074801|0|6750.00000|0.00000|25600|1|0|0|0|0|H||8|0|3|0|0|0
ZZ_H_908|21|1763073000|0|6744.00000|0.00000|25600|1|0|0|0|0|H||8|0|3|0|0|0
ZZ_H_924|21|1763060400|0|6780.00000|0.00000|25600|1|0|0|0|0|H||8|0|3|0|0|0
ZZ_H_939|21|1763053201|0|6822.00000|0.00000|25600|1|0|0|0|0|H*||8|0|3|0|0|0
ZZ_H_958|21|1763002801|0|6864.00000|0.00000|25600|1|0|0|0|0|H*||8|0|3|0|0|0
ZZ_H_969|21|1762975800|0|6858.00000|0.00000|25600|1|0|0|0|0|H*||8|0|3|0|0|0
ZZ_H_980|21|1762939800|0|6876.00000|0.00000|25600|1|0|0|0|0|H||8|0|3|0|0|0
ZZ_H_998|21|1762811100|0|6840.00000|0.00000|25600|1|0|0|0|0|H||8|0|3|0|0|0
ZZ_L_1012|21|1762797600|0|6774.00000|0.00000|3937500|1|0|0|0|0|L*||8|0|7|0|0|0
ZZ_L_1026|21|1762737300|0|6750.00000|0.00000|3937500|1|0|0|0|0|L||8|0|7|0|0|0
ZZ_L_1054|21|1762543800|0|6642.00000|0.00000|3937500|1|0|0|0|0|L||8|0|7|0|0|0
ZZ_L_1059|21|1762539300|0|6636.00000|0.00000|3937500|1|0|0|0|0|L||8|0|7|0|0|0
ZZ_L_107|21|1764610200|0|6804.00000|0.00000|3937500|1|0|0|0|0|L||8|0|7|0|0|0
ZZ_L_1071|21|1762534802|0|6660.00000|0.00000|3937500|1|0|0|0|0|L||8|0|7|0|0|0
ZZ_L_1078|21|1762533003|0|6666.00000|0.00000|3937500|1|0|0|0|0|L||8|0|7|0|0|0
ZZ_L_1090|21|1762521300|0|6690.00000|0.00000|3937500|1|0|0|0|0|L||8|0|7|0|0|0
ZZ_L_1103|21|1762494300|0|6708.00000|0.00000|3937500|1|0|0|0|0|L||8|0|7|0|0|0
ZZ_L_1113|21|1762469101|0|6720.00000|0.00000|3937500|1|0|0|0|0|L||8|0|7|0|0|0
ZZ_L_1124|21|1762459200|0|6714.00000|0.00000|3937500|1|0|0|0|0|L||8|0|7|0|0|0
ZZ_L_1129|21|1762456500|0|6708.00000|0.00000|3937500|1|0|0|0|0|L||8|0|7|0|0|0
ZZ_L_114|21|1764589500|0|6798.00000|0.00000|3937500|1|0|0|0|0|L||8|0|7|0|0|0
ZZ_L_1142|21|1762448400|0|6750.00000|0.00000|3937500|1|0|0|0|0|L||8|0|7|0|0|0
ZZ_L_1157|21|1762417800|0|6780.00000|0.00000|3937500|1|0|0|0|0|L||8|0|7|0|0|0
ZZ_L_1161|21|1762395301|0|6780.00000|0.00000|3937500|1|0|0|0|0|L||8|0|7|0|0|0
ZZ_L_1182|21|1762346700|0|6750.00000|0.00000|3937500|1|0|0|0|0|L||8|0|7|0|0|0
ZZ_L_119|21|1764571500|0|6792.00000|0.00000|3937500|1|0|0|0|0|L||8|0|7|0|0|0
ZZ_L_1194|21|1762312500|0|6726.00000|0.00000|3937500|1|0|0|0|0|L||8|0|7|0|0|0
ZZ_L_1205|21|1762291800|0|6768.00000|0.00000|3937500|1|0|0|0|0|L||8|0|7|0|0|0
ZZ_L_1209|21|1762287300|0|6768.00000|0.00000|3937500|1|0|0|0|0|L||8|0|7|0|0|0
ZZ_L_1225|21|1762273803|0|6768.00000|0.00000|3937500|1|0|0|0|0|L||8|0|7|0|0|0
ZZ_L_1234|21|1762256701|0|6762.00000|0.00000|3937500|1|0|0|0|0|L||8|0|7|0|0|0
ZZ_L_1254|21|1762191001|0|6822.00000|0.00000|3937500|1|0|0|0|0|L||8|0|7|0|0|0
ZZ_L_1270|21|1762146900|0|6846.00000|0.00000|3937500|1|0|0|0|0|L||8|0|7|0|0|0
ZZ_L_1275|21|1761950701|0|6840.00000|0.00000|3937500|1|0|0|0|0|L||8|0|7|0|0|0
ZZ_L_1285|21|1761939901|0|6816.00000|0.00000|3937500|1|0|0|0|0|L||8|0|7|0|0|0
ZZ_L_1298|21|1761928202|0|6846.00000|0.00000|3937500|1|0|0|0|0|L||8|0|7|0|0|0
ZZ_L_13|21|1764949094|0|6852.00000|0.00000|3937500|1|0|0|0|0|L||8|0|7|0|0|0
ZZ_L_1314|21|1761864300|0|6822.00000|0.00000|3937500|1|0|0|0|0|L||8|0|7|0|0|0
ZZ_L_1330|21|1761844501|0|6858.00000|0.00000|3937500|1|0|0|0|0|L||8|0|7|0|0|0
ZZ_L_134|21|1764197100|0|6810.00000|0.00000|3937500|1|0|0|0|0|L||8|0|7|0|0|0
ZZ_L_1341|21|1761841801|0|6840.00000|0.00000|3937500|1|0|0|0|0|L||8|0|7|0|0|0
ZZ_L_1351|21|1761826500|0|6876.00000|0.00000|3937500|1|0|0|0|0|L||8|0|7|0|0|0
ZZ_L_1356|21|1761815700|0|6882.00000|0.00000|3937500|1|0|0|0|0|L||8|0|7|0|0|0
ZZ_L_1362|21|1761810301|0|6882.00000|0.00000|3937500|1|0|0|0|0|L||8|0|7|0|0|0
ZZ_L_1370|21|1761808500|0|6870.00000|0.00000|3937500|1|0|0|0|0|L||8|0|7|0|0|0
ZZ_L_1383|21|1761786000|0|6876.00000|0.00000|3937500|1|0|0|0|0|L||8|0|7|0|0|0
ZZ_L_1395|21|1761778800|0|6876.00000|0.00000|3937500|1|0|0|0|0|L||8|0|7|0|0|0
ZZ_L_1401|21|1761777001|0|6864.00000|0.00000|3937500|1|0|0|0|0|L||8|0|7|0|0|0
ZZ_L_1410|21|1761774307|0|6858.00000|0.00000|3937500|1|0|0|0|0|L||8|0|7|0|0|0
ZZ_L_1419|21|1761773406|0|6852.00000|0.00000|3937500|1|0|0|0|0|L||8|0|7|0|0|0
ZZ_L_146|21|1764176400|0|6786.00000|0.00000|3937500|1|0|0|0|0|L||8|0|7|0|0|0
ZZ_L_1465|21|1761320700|0|6780.00000|0.00000|3937500|1|0|0|0|0|L||8|0|7|0|0|0
ZZ_L_1487|21|1761238800|0|6708.00000|0.00000|3937500|1|0|0|0|0|L||8|0|7|0|0|0
ZZ_L_1495|21|1761230700|0|6684.00000|0.00000|3937500|1|0|0|0|0|L||8|0|7|0|0|0
ZZ_L_1503|21|1761188400|0|6684.00000|0.00000|3937500|1|0|0|0|0|L||8|0|7|0|0|0
ZZ_L_1514|21|1761165001|0|6654.00000|0.00000|3937500|1|0|0|0|0|L||8|0|7|0|0|0
ZZ_L_1526|21|1761161403|0|6666.00000|0.00000|3937500|1|0|0|0|0|L||8|0|7|0|0|0
ZZ_L_1535|21|1761156902|0|6696.00000|0.00000|3937500|1|0|0|0|0|L||8|0|7|0|0|0
ZZ_L_154|21|1764154800|0|6774.00000|0.00000|3937500|1|0|0|0|0|L||8|0|7|0|0|0
ZZ_L_1543|21|1761154200|0|6708.00000|0.00000|3937500|1|0|0|0|0|L*||8|0|7|0|0|0
ZZ_L_1557|21|1761075900|0|6732.00000|0.00000|3937500|1|0|0|0|0|L*||8|0|7|0|0|0
ZZ_L_1566|21|1761036300|0|6726.00000|0.00000|3937500|1|0|0|0|0|L*||8|0|7|0|0|0
ZZ_L_1582|21|1760960700|0|6678.00000|0.00000|3937500|1|0|0|0|0|L||8|0|7|0|0|0
ZZ_L_1589|21|1760926501|0|6660.00000|0.00000|3937500|1|0|0|0|0|L||8|0|7|0|0|0
ZZ_L_1604|21|1760730301|0|6630.00000|0.00000|3937500|1|0|0|0|0|L*||8|0|7|0|0|0
ZZ_L_1614|21|1760724900|0|6606.00000|0.00000|3937500|1|0|0|0|0|L||8|0|7|0|0|0
ZZ_L_1620|21|1760723101|0|6618.00000|0.00000|3937500|1|0|0|0|0|L||8|0|7|0|0|0
ZZ_L_1633|21|1760720400|0|6624.00000|0.00000|3937500|1|0|0|0|0|L||8|0|7|0|0|0
ZZ_L_1640|21|1760718602|0|6606.00000|0.00000|3937500|1|0|0|0|0|L||8|0|7|0|0|0
ZZ_L_1664|21|1760698800|0|6534.00000|0.00000|3937500|1|0|0|0|0|L||8|0|7|0|0|0
ZZ_L_1668|21|1760696101|0|6534.00000|0.00000|3937500|1|0|0|0|0|L||8|0|7|0|0|0
ZZ_L_1689|21|1760655600|0|6612.00000|0.00000|3937500|1|0|0|0|0|L||8|0|7|0|0|0
ZZ_L_1694|21|1760652901|0|6606.00000|0.00000|3937500|1|0|0|0|0|L||8|0|7|0|0|0
ZZ_L_1702|21|1760649300|0|6594.00000|0.00000|3937500|1|0|0|0|0|L||8|0|7|0|0|0
ZZ_L_1715|21|1760644800|0|6636.00000|0.00000|3937500|1|0|0|0|0|L||8|0|7|0|0|0
ZZ_L_1722|21|1760643003|0|6618.00000|0.00000|3937500|1|0|0|0|0|L||8|0|7|0|0|0
ZZ_L_1746|21|1760634001|0|6678.00000|0.00000|3937500|1|0|0|0|0|L||8|0|7|0|0|0
ZZ_L_1751|21|1760632200|0|6684.00000|0.00000|3937500|1|0|0|0|0|L||8|0|7|0|0|0
ZZ_L_1760|21|1760580900|0|6666.00000|0.00000|3937500|1|0|0|0|0|L||8|0|7|0|0|0
ZZ_L_1765|21|1760567400|0|6660.00000|0.00000|3937500|1|0|0|0|0|L||8|0|7|0|0|0
ZZ_L_1777|21|1760559302|0|6612.00000|0.00000|3937500|1|0|0|0|0|L||8|0|7|0|0|0
ZZ_L_179|21|1764090900|0|6684.00000|0.00000|3937500|1|0|0|0|0|L||8|0|7|0|0|0
ZZ_L_1792|21|1760553900|0|6666.00000|0.00000|3937500|1|0|0|0|0|L||8|0|7|0|0|0
ZZ_L_1818|21|1760481902|0|6630.00000|0.00000|3937500|1|0|0|0|0|L||8|0|7|0|0|0
ZZ_L_1822|21|1760481005|0|6630.00000|0.00000|3937500|1|0|0|0|0|L||8|0|7|0|0|0
ZZ_L_1854|21|1760460306|0|6558.00000|0.00000|3937500|1|0|0|0|0|L||8|0|7|0|0|0
ZZ_L_1862|21|1760459403|0|6558.00000|0.00000|3937500|1|0|0|0|0|L||8|0|7|0|0|0
ZZ_L_1869|21|1760455801|0|6576.00000|0.00000|3937500|1|0|0|0|0|L||8|0|7|0|0|0
ZZ_L_187|21|1764089105|0|6660.00000|0.00000|3937500|1|0|0|0|0|L||8|0|7|0|0|0
ZZ_L_1876|21|1760448601|0|6570.00000|0.00000|3937500|1|0|0|0|0|L||8|0|7|0|0|0
ZZ_L_1885|21|1760437800|0|6588.00000|0.00000|3937500|1|0|0|0|0|L*||8|0|7|0|0|0
ZZ_L_1893|21|1760430602|0|6600.00000|0.00000|3937500|1|0|0|0|0|L||8|0|7|0|0|0
ZZ_L_1908|21|1760391900|0|6642.00000|0.00000|3937500|1|0|0|0|0|L||8|0|7|0|0|0
ZZ_L_1913|21|1760386500|0|6648.00000|0.00000|3937500|1|0|0|0|0|L||8|0|7|0|0|0
ZZ_L_1923|21|1760377501|0|6624.00000|0.00000|3937500|1|0|0|0|0|L*||8|0|7|0|0|0
ZZ_L_1930|21|1760375701|0|6630.00000|0.00000|3937500|1|0|0|0|0|L||8|0|7|0|0|0
ZZ_L_1940|21|1760364001|0|6618.00000|0.00000|3937500|1|0|0|0|0|L||8|0|7|0|0|0
ZZ_L_1956|21|1760319000|0|6606.00000|0.00000|3937500|1|0|0|0|0|L||8|0|7|0|0|0
ZZ_L_196|21|1764086400|0|6690.00000|0.00000|3937500|1|0|0|0|0|L||8|0|7|0|0|0
ZZ_L_1981|21|1760139906|0|6504.00000|0.00000|3937500|1|0|0|0|0|L||8|0|7|0|0|0
ZZ_L_1997|21|1760135400|0|6564.00000|0.00000|3937500|1|0|0|0|0|L||8|0|7|0|0|0
ZZ_L_2011|21|1760126400|0|6600.00000|0.00000|3937500|1|0|0|0|0|L||8|0|7|0|0|0
ZZ_L_202|21|1764060300|0|6690.00000|0.00000|3937500|1|0|0|0|0|L||8|0|7|0|0|0
ZZ_L_2021|21|1760122803|0|6624.00000|0.00000|3937500|1|0|0|0|0|L||8|0|7|0|0|0
ZZ_L_2032|21|1760121002|0|6618.00000|0.00000|3937500|1|0|0|0|0|L||8|0|7|0|0|0
ZZ_L_2048|21|1760119202|0|6678.00000|0.00000|3937500|1|0|0|0|0|L||8|0|7|0|0|0
ZZ_L_2069|21|1760038200|0|6720.00000|0.00000|3937500|1|0|0|0|0|L||8|0|7|0|0|0
ZZ_L_2094|21|1759861800|0|6702.00000|0.00000|3937500|1|0|0|0|0|L*||8|0|7|0|0|0
ZZ_L_2107|21|1759768201|0|6720.00000|0.00000|3937500|1|0|0|0|0|L||8|0|7|0|0|0
ZZ_L_2119|21|1759524301|0|6708.00000|0.00000|3937500|1|0|0|0|0|L||8|0|7|0|0|0
ZZ_L_2131|21|1759501800|0|6720.00000|0.00000|3937500|1|0|0|0|0|L||8|0|7|0|0|0
ZZ_L_2139|21|1759427100|0|6696.00000|0.00000|3937500|1|0|0|0|0|L||8|0|7|0|0|0
ZZ_L_2154|21|1759337100|0|6654.00000|0.00000|3937500|1|0|0|0|0|L||8|0|7|0|0|0
ZZ_L_2162|21|1759311901|0|6630.00000|0.00000|3937500|1|0|0|0|0|L||8|0|7|0|0|0
ZZ_L_2178|21|1759262400|0|6642.00000|0.00000|3937500|1|0|0|0|0|L||8|0|7|0|0|0
ZZ_L_2182|21|1759256100|0|6642.00000|0.00000|3937500|1|0|0|0|0|L||8|0|7|0|0|0
ZZ_L_2186|21|1759253400|0|6642.00000|0.00000|3937500|1|0|0|0|0|L||8|0|7|0|0|0
ZZ_L_2190|21|1759227300|0|6642.00000|0.00000|3937500|1|0|0|0|0|L||8|0|7|0|0|0
ZZ_L_2212|21|1758908700|0|6606.00000|0.00000|3937500|1|0|0|0|0|L||8|0|7|0|0|0
ZZ_L_2216|21|1758906900|0|6606.00000|0.00000|3937500|1|0|0|0|0|L||8|0|7|0|0|0
ZZ_L_2228|21|1758902400|0|6618.00000|0.00000|3937500|1|0|0|0|0|L||8|0|7|0|0|0
ZZ_L_223|21|1764002702|0|6636.00000|0.00000|3937500|1|0|0|0|0|L||8|0|7|0|0|0
ZZ_L_2244|21|1758834000|0|6570.00000|0.00000|3937500|1|0|0|0|0|L||8|0|7|0|0|0
ZZ_L_2263|21|1758817802|0|6576.00000|0.00000|3937500|1|0|0|0|0|L||8|0|7|0|0|0
ZZ_L_2279|21|1758739502|0|6624.00000|0.00000|3937500|1|0|0|0|0|L||8|0|7|0|0|0
ZZ_L_2291|21|1758659401|0|6648.00000|0.00000|3937500|1|0|0|0|0|L||8|0|7|0|0|0
ZZ_L_2307|21|1758536100|0|6636.00000|0.00000|3937500|1|0|0|0|0|L||8|0|7|0|0|0
ZZ_L_2318|21|1758303900|0|6630.00000|0.00000|3937500|1|0|0|0|0|L||8|0|7|0|0|0
ZZ_L_2323|21|1758273300|0|6624.00000|0.00000|3937500|1|0|0|0|0|L||8|0|7|0|0|0
ZZ_L_2330|21|1758221100|0|6630.00000|0.00000|3937500|1|0|0|0|0|L||8|0|7|0|0|0
ZZ_L_2341|21|1758213901|0|6612.00000|0.00000|3937500|1|0|0|0|0|L||8|0|7|0|0|0
ZZ_L_2358|21|1758149100|0|6594.00000|0.00000|3937500|1|0|0|0|0|L||8|0|7|0|0|0
ZZ_L_2373|21|1758145503|0|6552.00000|0.00000|3937500|1|0|0|0|0|L||8|0|7|0|0|0
ZZ_L_2388|21|1758143704|0|6582.00000|0.00000|3937500|1|0|0|0|0|L||8|0|7|0|0|0
ZZ_L_2399|21|1758137400|0|6588.00000|0.00000|3937500|1|0|0|0|0|L||8|0|7|0|0|0
ZZ_L_2404|21|1758108600|0|6594.00000|0.00000|3937500|1|0|0|0|0|L||8|0|7|0|0|0
ZZ_L_241|21|1763982903|0|6612.00000|0.00000|3937500|1|0|0|0|0|L*||8|0|7|0|0|0
ZZ_L_2420|21|1757716200|0|6582.00000|0.00000|3937500|1|0|0|0|0|L*||8|0|7|0|0|0
ZZ_L_2434|21|1757604601|0|6534.00000|0.00000|3937500|1|0|0|0|0|L||8|0|7|0|0|0
ZZ_L_2440|21|1757538900|0|6522.00000|0.00000|3937500|1|0|0|0|0|L||8|0|7|0|0|0
ZZ_L_2458|21|1757439000|0|6486.00000|0.00000|3937500|1|0|0|0|0|L||8|0|7|0|0|0
ZZ_L_2466|21|1757359800|0|6486.00000|0.00000|3937500|1|0|0|0|0|L||8|0|7|0|0|0
ZZ_L_2477|21|1757104200|0|6456.00000|0.00000|3937500|1|0|0|0|0|L||8|0|7|0|0|0
ZZ_L_2487|21|1757094301|0|6444.00000|0.00000|3937500|1|0|0|0|0|L||8|0|7|0|0|0
ZZ_L_25|21|1764882902|0|6828.00000|0.00000|3937500|1|0|0|0|0|L||8|0|7|0|0|0
ZZ_L_2504|21|1757085300|0|6498.00000|0.00000|3937500|1|0|0|0|0|L||8|0|7|0|0|0
ZZ_L_251|21|1763949600|0|6624.00000|0.00000|3937500|1|0|0|0|0|L||8|0|7|0|0|0
ZZ_L_2525|21|1756931400|0|6420.00000|0.00000|3937500|1|0|0|0|0|L||8|0|7|0|0|0
ZZ_L_2549|21|1756837801|0|6360.00000|0.00000|3937500|1|0|0|0|0|L||8|0|7|0|0|0
ZZ_L_2561|21|1756830600|0|6372.00000|0.00000|3937500|1|0|0|0|0|L||8|0|7|0|0|0
ZZ_L_2582|21|1756711800|0|6450.00000|0.00000|3937500|1|0|0|0|0|L||8|0|7|0|0|0
ZZ_L_2594|21|1756486801|0|6450.00000|0.00000|3937500|1|0|0|0|0|L*||8|0|7|0|0|0
ZZ_L_2609|21|1756399501|0|6468.00000|0.00000|3937500|1|0|0|0|0|L||8|0|7|0|0|0
ZZ_L_261|21|1763765103|0|6600.00000|0.00000|3937500|1|0|0|0|0|L||8|0|7|0|0|0
ZZ_L_2620|21|1756336503|0|6450.00000|0.00000|3937500|1|0|0|0|0|L||8|0|7|0|0|0
ZZ_L_2639|21|1756202400|0|6420.00000|0.00000|3937500|1|0|0|0|0|L||8|0|7|0|0|0
ZZ_L_2643|21|1756179001|0|6420.00000|0.00000|3937500|1|0|0|0|0|L||8|0|7|0|0|0
ZZ_L_2648|21|1756177200|0|6426.00000|0.00000|3937500|1|0|0|0|0|L||8|0|7|0|0|0
ZZ_L_266|21|1763764201|0|6606.00000|0.00000|3937500|1|0|0|0|0|L||8|0|7|0|0|0
ZZ_L_2685|21|1755855001|0|6348.00000|0.00000|3937500|1|0|0|0|0|L*||8|0|7|0|0|0
ZZ_L_2694|21|1755805500|0|6354.00000|0.00000|3937500|1|0|0|0|0|L||8|0|7|0|0|0
ZZ_L_2707|21|1755794700|0|6360.00000|0.00000|3937500|1|0|0|0|0|L||8|0|7|0|0|0
ZZ_L_2721|21|1755723600|0|6372.00000|0.00000|3937500|1|0|0|0|0|L||8|0|7|0|0|0
ZZ_L_2731|21|1755710100|0|6348.00000|0.00000|3937500|1|0|0|0|0|L||8|0|7|0|0|0
ZZ_L_2742|21|1755669600|0|6390.00000|0.00000|3937500|1|0|0|0|0|L||8|0|7|0|0|0
ZZ_L_2758|21|1755574200|0|6438.00000|0.00000|3937500|1|0|0|0|0|L||8|0|7|0|0|0
ZZ_L_2764|21|1755509400|0|6438.00000|0.00000|3937500|1|0|0|0|0|L*||8|0|7|0|0|0
ZZ_L_2769|21|1755295200|0|6444.00000|0.00000|3937500|1|0|0|0|0|L||8|0|7|0|0|0
ZZ_L_2773|21|1755277200|0|6444.00000|0.00000|3937500|1|0|0|0|0|L||8|0|7|0|0|0
ZZ_L_2786|21|1755195300|0|6450.00000|0.00000|3937500|1|0|0|0|0|L||8|0|7|0|0|0
ZZ_L_279|21|1763758800|0|6636.00000|0.00000|3937500|1|0|0|0|0|L||8|0|7|0|0|0
ZZ_L_2793|21|1755185403|0|6432.00000|0.00000|3937500|1|0|0|0|0|L||8|0|7|0|0|0
ZZ_L_2802|21|1755106200|0|6450.00000|0.00000|3937500|1|0|0|0|0|L||8|0|7|0|0|0
ZZ_L_2820|21|1755017101|0|6390.00000|0.00000|3937500|1|0|0|0|0|L*||8|0|7|0|0|0
ZZ_L_2836|21|1754952300|0|6366.00000|0.00000|3937500|1|0|0|0|0|L||8|0|7|0|0|0
ZZ_L_2843|21|1754929800|0|6384.00000|0.00000|3937500|1|0|0|0|0|L||8|0|7|0|0|0
ZZ_L_2867|21|1754598600|0|6312.00000|0.00000|3937500|1|0|0|0|0|L||8|0|7|0|0|0
ZZ_L_2898|21|1754500500|0|6306.00000|0.00000|3937500|1|0|0|0|0|L||8|0|7|0|0|0
ZZ_L_2902|21|1754484300|0|6306.00000|0.00000|3937500|1|0|0|0|0|L||8|0|7|0|0|0
ZZ_L_291|21|1763755202|0|6588.00000|0.00000|3937500|1|0|0|0|0|L||8|0|7|0|0|0
ZZ_L_2911|21|1754442000|0|6288.00000|0.00000|3937500|1|0|0|0|0|L||8|0|7|0|0|0
ZZ_L_2920|21|1754415001|0|6294.00000|0.00000|3937500|1|0|0|0|0|L||8|0|7|0|0|0
ZZ_L_2955|21|1754269200|0|6228.00000|0.00000|3937500|1|0|0|0|0|L||8|0|7|0|0|0
ZZ_L_2961|21|1754084700|0|6228.00000|0.00000|3937500|1|0|0|0|0|L*||8|0|7|0|0|0
ZZ_L_2967|21|1754079300|0|6216.00000|0.00000|3937500|1|0|0|0|0|L||8|0|7|0|0|0
ZZ_L_2980|21|1754070301|0|6234.00000|0.00000|3937500|1|0|0|0|0|L*||8|0|7|0|0|0
ZZ_L_2991|21|1754067601|0|6216.00000|0.00000|3937500|1|0|0|0|0|L||8|0|7|0|0|0
ZZ_L_3010|21|1754055000|0|6270.00000|0.00000|3937500|1|0|0|0|0|L||8|0|7|0|0|0
ZZ_L_3026|21|1754011801|0|6318.00000|0.00000|3937500|1|0|0|0|0|L||8|0|7|0|0|0
ZZ_L_3038|21|1754001901|0|6330.00000|0.00000|3937500|1|0|0|0|0|L||8|0|7|0|0|0
ZZ_L_3047|21|1753996502|0|6336.00000|0.00000|3937500|1|0|0|0|0|L||8|0|7|0|0|0
ZZ_L_3063|21|1753984801|0|6372.00000|0.00000|3937500|1|0|0|0|0|L||8|0|7|0|0|0
ZZ_L_3089|21|1753913702|0|6336.00000|0.00000|3937500|1|0|0|0|0|L||8|0|7|0|0|0
ZZ_L_3093|21|1753912800|0|6336.00000|0.00000|3937500|1|0|0|0|0|L||8|0|7|0|0|0
ZZ_L_31|21|1764870300|0|6840.00000|0.00000|3937500|1|0|0|0|0|L||8|0|7|0|0|0
ZZ_L_3108|21|1753821000|0|6366.00000|0.00000|3937500|1|0|0|0|0|L||8|0|7|0|0|0
ZZ_L_3120|21|1753733700|0|6378.00000|0.00000|3937500|1|0|0|0|0|L||8|0|7|0|0|0
ZZ_L_313|21|1763748001|0|6528.00000|0.00000|3937500|1|0|0|0|0|L||8|0|7|0|0|0
ZZ_L_3136|21|1753437600|0|6366.00000|0.00000|3937500|1|0|0|0|0|L||8|0|7|0|0|0
ZZ_L_3154|21|1753289100|0|6318.00000|0.00000|3937500|1|0|0|0|0|L||8|0|7|0|0|0
ZZ_L_3166|21|1753202702|0|6282.00000|0.00000|3937500|1|0|0|0|0|L||8|0|7|0|0|0
ZZ_L_3185|21|1752858900|0|6288.00000|0.00000|3937500|1|0|0|0|0|L*||8|0|7|0|0|0
ZZ_L_320|21|1763746203|0|6522.00000|0.00000|3937500|1|0|0|0|0|L||8|0|7|0|0|0
ZZ_L_3217|21|1752690604|0|6204.00000|0.00000|3937500|1|0|0|0|0|L||8|0|7|0|0|0
ZZ_L_3223|21|1752689703|0|6216.00000|0.00000|3937500|1|0|0|0|0|L||8|0|7|0|0|0
ZZ_L_3238|21|1752629400|0|6222.00000|0.00000|3937500|1|0|0|0|0|L||8|0|7|0|0|0
ZZ_L_3247|21|1752608700|0|6252.00000|0.00000|3937500|1|0|0|0|0|L||8|0|7|0|0|0
ZZ_L_3258|21|1752556500|0|6270.00000|0.00000|3937500|1|0|0|0|0|L||8|0|7|0|0|0
ZZ_L_3274|21|1752454803|0|6222.00000|0.00000|3937500|1|0|0|0|0|L||8|0|7|0|0|0
ZZ_L_3292|21|1752237900|0|6234.00000|0.00000|3937500|1|0|0|0|0|L||8|0|7|0|0|0
ZZ_L_3300|21|1752203703|0|6246.00000|0.00000|3937500|1|0|0|0|0|L*||8|0|7|0|0|0
ZZ_L_3314|21|1752118200|0|6246.00000|0.00000|3937500|1|0|0|0|0|L||8|0|7|0|0|0
ZZ_L_332|21|1763744404|0|6546.00000|0.00000|3937500|1|0|0|0|0|L||8|0|7|0|0|0
ZZ_L_3320|21|1752082202|0|6234.00000|0.00000|3937500|1|0|0|0|0|L||8|0|7|0|0|0
ZZ_L_3333|21|1752014700|0|6216.00000|0.00000|3937500|1|0|0|0|0|L||8|0|7|0|0|0
ZZ_L_3342|21|1751992200|0|6222.00000|0.00000|3937500|1|0|0|0|0|L*||8|0|7|0|0|0
ZZ_L_3348|21|1751931000|0|6210.00000|0.00000|3937500|1|0|0|0|0|L||8|0|7|0|0|0
ZZ_L_3355|21|1751922901|0|6204.00000|0.00000|3937500|1|0|0|0|0|L*||8|0|7|0|0|0
ZZ_L_3363|21|1751915702|0|6216.00000|0.00000|3937500|1|0|0|0|0|L||8|0|7|0|0|0
ZZ_L_3374|21|1751853600|0|6246.00000|0.00000|3937500|1|0|0|0|0|L*||8|0|7|0|0|0
ZZ_L_338|21|1763743504|0|6546.00000|0.00000|3937500|1|0|0|0|0|L||8|0|7|0|0|0
ZZ_L_3380|21|1751626800|0|6234.00000|0.00000|3937500|1|0|0|0|0|L||8|0|7|0|0|0
ZZ_L_344|21|1763742601|0|6558.00000|0.00000|3937500|1|0|0|0|0|L||8|0|7|0|0|0
ZZ_L_35|21|1764866700|0|6840.00000|0.00000|3937500|1|0|0|0|0|L||8|0|7|0|0|0
ZZ_L_352|21|1763737200|0|6558.00000|0.00000|3937500|1|0|0|0|0|L||8|0|7|0|0|0
ZZ_L_363|21|1763733600|0|6516.00000|0.00000|3937500|1|0|0|0|0|L||8|0|7|0|0|0
ZZ_L_376|21|1763726402|0|6510.00000|0.00000|3937500|1|0|0|0|0|L||8|0|7|0|0|0
ZZ_L_390|21|1763718301|0|6534.00000|0.00000|3937500|1|0|0|0|0|L||8|0|7|0|0|0
ZZ_L_406|21|1763686800|0|6522.00000|0.00000|3937500|1|0|0|0|0|L||8|0|7|0|0|0
ZZ_L_419|21|1763676000|0|6576.00000|0.00000|3937500|1|0|0|0|0|L||8|0|7|0|0|0
ZZ_L_424|21|1763674200|0|6570.00000|0.00000|3937500|1|0|0|0|0|L||8|0|7|0|0|0
ZZ_L_431|21|1763672401|0|6552.00000|0.00000|3937500|1|0|0|0|0|L||8|0|7|0|0|0
ZZ_L_448|21|1763669701|0|6606.00000|0.00000|3937500|1|0|0|0|0|L||8|0|7|0|0|0
ZZ_L_460|21|1763667902|0|6570.00000|0.00000|3937500|1|0|0|0|0|L||8|0|7|0|0|0
ZZ_L_464|21|1763667006|0|6570.00000|0.00000|3937500|1|0|0|0|0|L||8|0|7|0|0|0
ZZ_L_472|21|1763666101|0|6582.00000|0.00000|3937500|1|0|0|0|0|L||8|0|7|0|0|0
ZZ_L_483|21|1763664308|0|6612.00000|0.00000|3937500|1|0|0|0|0|L||8|0|7|0|0|0
ZZ_L_513|21|1763658901|0|6744.00000|0.00000|3937500|1|0|0|0|0|L||8|0|7|0|0|0
ZZ_L_519|21|1763658000|0|6744.00000|0.00000|3937500|1|0|0|0|0|L||8|0|7|0|0|0
ZZ_L_52|21|1764780300|0|6810.00000|0.00000|3937500|1|0|0|0|0|L||8|0|7|0|0|0
ZZ_L_529|21|1763643600|0|6708.00000|0.00000|3937500|1|0|0|0|0|L||8|0|7|0|0|0
ZZ_L_533|21|1763637300|0|6708.00000|0.00000|3937500|1|0|0|0|0|L||8|0|7|0|0|0
ZZ_L_551|21|1763592301|0|6636.00000|0.00000|3937500|1|0|0|0|0|L||8|0|7|0|0|0
ZZ_L_56|21|1764777603|0|6810.00000|0.00000|3937500|1|0|0|0|0|L||8|0|7|0|0|0
ZZ_L_561|21|1763586902|0|6612.00000|0.00000|3937500|1|0|0|0|0|L||8|0|7|0|0|0
ZZ_L_567|21|1763585101|0|6624.00000|0.00000|3937500|1|0|0|0|0|L||8|0|7|0|0|0
ZZ_L_578|21|1763580602|0|6606.00000|0.00000|3937500|1|0|0|0|0|L||8|0|7|0|0|0
ZZ_L_587|21|1763576100|0|6624.00000|0.00000|3937500|1|0|0|0|0|L||8|0|7|0|0|0
ZZ_L_606|21|1763568001|0|6618.00000|0.00000|3937500|1|0|0|0|0|L||8|0|7|0|0|0
ZZ_L_620|21|1763537400|0|6594.00000|0.00000|3937500|1|0|0|0|0|L||8|0|7|0|0|0
ZZ_L_630|21|1763517600|0|6606.00000|0.00000|3937500|1|0|0|0|0|L||8|0|7|0|0|0
ZZ_L_634|21|1763506800|0|6606.00000|0.00000|3937500|1|0|0|0|0|L||8|0|7|0|0|0
ZZ_L_646|21|1763498701|0|6642.00000|0.00000|3937500|1|0|0|0|0|L||8|0|7|0|0|0
ZZ_L_659|21|1763493301|0|6600.00000|0.00000|3937500|1|0|0|0|0|L||8|0|7|0|0|0
ZZ_L_673|21|1763488804|0|6576.00000|0.00000|3937500|1|0|0|0|0|L||8|0|7|0|0|0
ZZ_L_679|21|1763487901|0|6588.00000|0.00000|3937500|1|0|0|0|0|L||8|0|7|0|0|0
ZZ_L_684|21|1763487001|0|6594.00000|0.00000|3937500|1|0|0|0|0|L||8|0|7|0|0|0
ZZ_L_69|21|1764704701|0|6816.00000|0.00000|3937500|1|0|0|0|0|L*||8|0|7|0|0|0
ZZ_L_691|21|1763485201|0|6588.00000|0.00000|3937500|1|0|0|0|0|L||8|0|7|0|0|0
ZZ_L_707|21|1763477100|0|6624.00000|0.00000|3937500|1|0|0|0|0|L||8|0|7|0|0|0
ZZ_L_720|21|1763454601|0|6618.00000|0.00000|3937500|1|0|0|0|0|L||8|0|7|0|0|0
ZZ_L_725|21|1763446501|0|6624.00000|0.00000|3937500|1|0|0|0|0|L||8|0|7|0|0|0
ZZ_L_736|21|1763432100|0|6666.00000|0.00000|3937500|1|0|0|0|0|L||8|0|7|0|0|0
ZZ_L_744|21|1763415900|0|6642.00000|0.00000|3937500|1|0|0|0|0|L||8|0|7|0|0|0
ZZ_L_76|21|1764699301|0|6810.00000|0.00000|3937500|1|0|0|0|0|L||8|0|7|0|0|0
ZZ_L_769|21|1763403303|0|6696.00000|0.00000|3937500|1|0|0|0|0|L||8|0|7|0|0|0
ZZ_L_774|21|1763402401|0|6702.00000|0.00000|3937500|1|0|0|0|0|L||8|0|7|0|0|0
ZZ_L_793|21|1763396100|0|6708.00000|0.00000|3937500|1|0|0|0|0|L||8|0|7|0|0|0
ZZ_L_817|21|1763341201|0|6720.00000|0.00000|3937500|1|0|0|0|0|L||8|0|7|0|0|0
ZZ_L_831|21|1763152200|0|6732.00000|0.00000|3937500|1|0|0|0|0|L||8|0|7|0|0|0
ZZ_L_846|21|1763143200|0|6726.00000|0.00000|3937500|1|0|0|0|0|L||8|0|7|0|0|0
ZZ_L_85|21|1764695700|0|6828.00000|0.00000|3937500|1|0|0|0|0|L||8|0|7|0|0|0
ZZ_L_864|21|1763137803|0|6654.00000|0.00000|3937500|1|0|0|0|0|L||8|0|7|0|0|0
ZZ_L_871|21|1763133300|0|6660.00000|0.00000|3937500|1|0|0|0|0|L||8|0|7|0|0|0
ZZ_L_891|21|1763115300|0|6708.00000|0.00000|3937500|1|0|0|0|0|L||8|0|7|0|0|0
ZZ_L_900|21|1763102700|0|6726.00000|0.00000|3937500|1|0|0|0|0|L||8|0|7|0|0|0
ZZ_L_906|21|1763073900|0|6726.00000|0.00000|3937500|1|0|0|0|0|L||8|0|7|0|0|0
ZZ_L_912|21|1763070301|0|6726.00000|0.00000|3937500|1|0|0|0|0|L*||8|0|7|0|0|0
ZZ_L_926|21|1763058600|0|6762.00000|0.00000|3937500|1|0|0|0|0|L||8|0|7|0|0|0
ZZ_L_93|21|1764652500|0|6804.00000|0.00000|3937500|1|0|0|0|0|L||8|0|7|0|0|0
ZZ_L_944|21|1763051402|0|6798.00000|0.00000|3937500|1|0|0|0|0|L*||8|0|7|0|0|0
ZZ_L_962|21|1762995601|0|6834.00000|0.00000|3937500|1|0|0|0|0|L||8|0|7|0|0|0
ZZ_L_974|21|1762968601|0|6834.00000|0.00000|3937500|1|0|0|0|0|L*||8|0|7|0|0|0
ZZ_L_992|21|1762879501|0|6810.00000|0.00000|3937500|1|0|0|0|0|L*||8|0|7|0|0|0
