MT4_OBJECT_SYNC_FORMAT_v6
UTC_REF|1767607200|1.16926
FXSSI.CALENDAR#news-country-0|21|1745427600|0|1.12865|0.00000|7509500|1|0|0|1|0|USD||7|0|7|0|0|0
FXSSI.CALENDAR#news-country-1|21|1745506800|0|1.12865|0.00000|7509500|1|0|0|1|0|USD||7|0|7|0|0|0
FXSSI.CALENDAR#news-country-2|21|1745514000|0|1.12865|0.00000|7509500|1|0|0|1|0|USD||7|0|7|0|0|0
FXSSI.CALENDAR#news-country-3|21|1744833600|0|1.12634|0.00000|13092807|1|0|0|1|0|USD||7|0|7|0|0|0
FXSSI.CALENDAR#news-country-4|21|1744902000|0|1.12660|0.00000|7509500|1|0|0|1|0|EUR.USD||7|0|7|0|0|0
FXSSI.CALENDAR#news-frame|24|0|0|0.00000|0.00000|8421504|1|0|0|0|0|BitmapLabel||10|-1
FXSSI.CALENDAR#news-line0|24|0|0|0.00000|0.00000|8421504|1|0|0|1|0|BitmapLabel||10|0
FXSSI.CALENDAR#news-line1|24|0|0|0.00000|0.00000|8421504|1|0|0|1|0|BitmapLabel||10|0
FXSSI.CALENDAR#news-line2|24|0|0|0.00000|0.00000|8421504|1|0|0|1|0|BitmapLabel||10|0
FXSSI.CALENDAR#news-line3|24|0|0|0.00000|0.00000|8421504|1|0|0|1|0|BitmapLabel||10|0
FXSSI.CALENDAR#news-line4|24|0|0|0.00000|0.00000|8421504|1|0|0|1|0|BitmapLabel||10|0
FXSSI.CALENDAR#news-next|24|0|0|0.00000|0.00000|8421504|1|0|0|0|0|BitmapLabel||10|-1
FXSSI.CALENDAR#news-prev|24|0|0|0.00000|0.00000|8421504|1|0|0|0|0|BitmapLabel||10|-1
FXSSI.CALENDAR#news-stars-0|21|1745427600|0|1.12873|0.00000|7509500|1|0|0|1|0|ллл||8|0|7|0|0|0
FXSSI.CALENDAR#news-stars-1|21|1745506800|0|1.12873|0.00000|7509500|1|0|0|1|0|ллл||8|0|7|0|0|0
FXSSI.CALENDAR#news-stars-2|21|1745514000|0|1.12873|0.00000|7509500|1|0|0|1|0|ллл||8|0|7|0|0|0
FXSSI.CALENDAR#news-stars-3|21|1744833600|0|1.12639|0.00000|13092807|1|0|0|1|0|ллл||8|0|7|0|0|0
FXSSI.CALENDAR#news-stars-4|21|1744902000|0|1.12639|0.00000|7509500|1|0|0|1|0|ллл||8|0|7|0|0|0
Letter_1003_1375975890|21|1766489340|0|1.17860|0.00000|65280|1|0|0|0|0|B||10|0|8|0|0|0
Letter_1006_1375975890|21|1766488440|0|1.17860|0.00000|255|1|0|0|0|0|S||10|0|8|0|0|0
Letter_100_1375975890|21|1767381840|0|1.17360|0.00000|65280|1|0|0|0|0|B||10|0|8|0|0|0
Letter_1011_1375975890|21|1766485260|0|1.17820|0.00000|65280|1|0|0|0|0|B||10|0|8|0|0|0
Letter_1012_1375975890|21|1766484678|0|1.17780|0.00000|255|1|0|0|0|0|S||10|0|8|0|0|0
Letter_101_1375975890|21|1767381720|0|1.17320|0.00000|255|1|0|0|0|0|S||10|0|8|0|0|0
Letter_102_1375975890|21|1767380940|0|1.17360|0.00000|65280|1|0|0|0|0|B||10|0|8|0|0|0
Letter_108_1375975890|21|1767378180|0|1.17420|0.00000|255|1|0|0|0|0|S||10|0|8|0|0|0
Letter_109_1375975890|21|1767377820|0|1.17460|0.00000|65280|1|0|0|0|0|B||10|0|8|0|0|0
Letter_10_1375975890|21|1767606000|0|1.16860|0.00000|255|1|0|0|0|0|S||10|0|8|0|0|0
Letter_114_1375975890|21|1767376980|0|1.17500|0.00000|255|1|0|0|0|0|S||10|0|8|0|0|0
Letter_11_1375975890|21|1767605520|0|1.16900|0.00000|65280|1|0|0|0|0|B||10|0|8|0|0|0
Letter_121_1375975890|21|1767375960|0|1.17420|0.00000|65280|1|0|0|0|0|B||10|0|8|0|0|0
Letter_122_1375975890|21|1767375660|0|1.17380|0.00000|255|1|0|0|0|0|S||10|0|8|0|0|0
Letter_126_1375975890|21|1767374700|0|1.17360|0.00000|65280|1|0|0|0|0|B||10|0|8|0|0|0
Letter_127_1375975890|21|1767373620|0|1.17320|0.00000|255|1|0|0|0|0|S||10|0|8|0|0|0
Letter_131_1375975890|21|1767372720|0|1.17300|0.00000|65280|1|0|0|0|0|B||10|0|8|0|0|0
Letter_132_1375975890|21|1767372420|0|1.17260|0.00000|255|1|0|0|0|0|S||10|0|8|0|0|0
Letter_138_1375975890|21|1767370680|0|1.17200|0.00000|65280|1|0|0|0|0|B||10|0|8|0|0|0
Letter_13_1375975890|21|1767604920|0|1.16880|0.00000|255|1|0|0|0|0|S||10|0|8|0|0|0
Letter_143_1375975890|21|1767367380|0|1.17240|0.00000|255|1|0|0|0|0|S||10|0|8|0|0|0
Letter_145_1375975890|21|1767366540|0|1.17260|0.00000|65280|1|0|0|0|0|B||10|0|8|0|0|0
Letter_146_1375975890|21|1767366240|0|1.17220|0.00000|255|1|0|0|0|0|S||10|0|8|0|0|0
Letter_147_1375975890|21|1767365700|0|1.17260|0.00000|65280|1|0|0|0|0|B||10|0|8|0|0|0
Letter_148_1375975890|21|1767364800|0|1.17220|0.00000|255|1|0|0|0|0|S||10|0|8|0|0|0
Letter_152_1375975890|21|1767361021|0|1.17200|0.00000|65280|1|0|0|0|0|B||10|0|8|0|0|0
Letter_154_1375975890|21|1767360660|0|1.17180|0.00000|255|1|0|0|0|0|S||10|0|8|0|0|0
Letter_156_1375975890|21|1767360120|0|1.17200|0.00000|65280|1|0|0|0|0|B||10|0|8|0|0|0
Letter_158_1375975890|21|1767358560|0|1.17180|0.00000|255|1|0|0|0|0|S||10|0|8|0|0|0
Letter_15_1375975890|21|1767604440|0|1.16900|0.00000|65280|1|0|0|0|0|B||10|0|8|0|0|0
Letter_161_1375975890|21|1767356340|0|1.17180|0.00000|65280|1|0|0|0|0|B||10|0|8|0|0|0
Letter_16_1375975890|21|1767602100|0|1.16860|0.00000|255|1|0|0|0|0|S||10|0|8|0|0|0
Letter_171_1375975890|21|1767352680|0|1.17320|0.00000|255|1|0|0|0|0|S||10|0|8|0|0|0
Letter_172_1375975890|21|1767352380|0|1.17360|0.00000|65280|1|0|0|0|0|B||10|0|8|0|0|0
Letter_173_1375975890|21|1767352140|0|1.17320|0.00000|255|1|0|0|0|0|S||10|0|8|0|0|0
Letter_177_1375975890|21|1767350760|0|1.17300|0.00000|65280|1|0|0|0|0|B||10|0|8|0|0|0
Letter_178_1375975890|21|1767350100|0|1.17260|0.00000|255|1|0|0|0|0|S||10|0|8|0|0|0
Letter_180_1375975890|21|1767349680|0|1.17280|0.00000|65280|1|0|0|0|0|B||10|0|8|0|0|0
Letter_185_1375975890|21|1767348660|0|1.17320|0.00000|255|1|0|0|0|0|S||10|0|8|0|0|0
Letter_186_1375975890|21|1767348181|0|1.17360|0.00000|65280|1|0|0|0|0|B||10|0|8|0|0|0
Letter_188_1375975890|21|1767348120|0|1.17340|0.00000|255|1|0|0|0|0|S||10|0|8|0|0|0
Letter_189_1375975890|21|1767348000|0|1.17380|0.00000|65280|1|0|0|0|0|B||10|0|8|0|0|0
Letter_190_1375975890|21|1767347760|0|1.17340|0.00000|255|1|0|0|0|0|S||10|0|8|0|0|0
Letter_191_1375975890|21|1767347280|0|1.17380|0.00000|65280|1|0|0|0|0|B||10|0|8|0|0|0
Letter_192_1375975890|21|1767346740|0|1.17340|0.00000|255|1|0|0|0|0|S||10|0|8|0|0|0
Letter_193_1375975890|21|1767346380|0|1.17380|0.00000|65280|1|0|0|0|0|B||10|0|8|0|0|0
Letter_198_1375975890|21|1767345600|0|1.17420|0.00000|255|1|0|0|0|0|S||10|0|8|0|0|0
Letter_199_1375975890|21|1767342660|0|1.17460|0.00000|65280|1|0|0|0|0|B||10|0|8|0|0|0
Letter_209_1375975890|21|1767333060|0|1.17600|0.00000|255|1|0|0|0|0|S||10|0|8|0|0|0
Letter_20_1375975890|21|1767600420|0|1.16840|0.00000|65280|1|0|0|0|0|B||10|0|8|0|0|0
Letter_220_1375975890|21|1767312062|0|1.17440|0.00000|65280|1|0|0|0|0|B||10|0|8|0|0|0
Letter_225_1375975890|21|1767221880|0|1.17480|0.00000|255|1|0|0|0|0|S||10|0|8|0|0|0
Letter_22_1375975890|21|1767599820|0|1.16820|0.00000|255|1|0|0|0|0|S||10|0|8|0|0|0
Letter_233_1375975890|21|1767214500|0|1.17380|0.00000|65280|1|0|0|0|0|B||10|0|8|0|0|0
Letter_234_1375975890|21|1767213120|0|1.17340|0.00000|255|1|0|0|0|0|S||10|0|8|0|0|0
Letter_236_1375975890|21|1767211440|0|1.17360|0.00000|65280|1|0|0|0|0|B||10|0|8|0|0|0
Letter_238_1375975890|21|1767211200|0|1.17340|0.00000|255|1|0|0|0|0|S||10|0|8|0|0|0
Letter_240_1375975890|21|1767210960|0|1.17360|0.00000|65280|1|0|0|0|0|B||10|0|8|0|0|0
Letter_242_1375975890|21|1767210600|0|1.17340|0.00000|255|1|0|0|0|0|S||10|0|8|0|0|0
Letter_244_1375975890|21|1767208260|0|1.17360|0.00000|65280|1|0|0|0|0|B||10|0|8|0|0|0
Letter_246_1375975890|21|1767207900|0|1.17340|0.00000|255|1|0|0|0|0|S||10|0|8|0|0|0
Letter_249_1375975890|21|1767206820|0|1.17340|0.00000|65280|1|0|0|0|0|B||10|0|8|0|0|0
Letter_252_1375975890|21|1767206340|0|1.17340|0.00000|255|1|0|0|0|0|S||10|0|8|0|0|0
Letter_253_1375975890|21|1767206160|0|1.17380|0.00000|65280|1|0|0|0|0|B||10|0|8|0|0|0
Letter_257_1375975890|21|1767205500|0|1.17400|0.00000|255|1|0|0|0|0|S||10|0|8|0|0|0
Letter_258_1375975890|21|1767205320|0|1.17440|0.00000|65280|1|0|0|0|0|B||10|0|8|0|0|0
Letter_261_1375975890|21|1767204180|0|1.17440|0.00000|255|1|0|0|0|0|S||10|0|8|0|0|0
Letter_271_1375975890|21|1767203401|0|1.17300|0.00000|65280|1|0|0|0|0|B||10|0|8|0|0|0
Letter_276_1375975890|21|1767202560|0|1.17340|0.00000|255|1|0|0|0|0|S||10|0|8|0|0|0
Letter_27_1375975890|21|1767594600|0|1.16780|0.00000|65280|1|0|0|0|0|B||10|0|8|0|0|0
Letter_283_1375975890|21|1767201060|0|1.17260|0.00000|65280|1|0|0|0|0|B||10|0|8|0|0|0
Letter_287_1375975890|21|1767200100|0|1.17280|0.00000|255|1|0|0|0|0|S||10|0|8|0|0|0
Letter_288_1375975890|21|1767199860|0|1.17320|0.00000|65280|1|0|0|0|0|B||10|0|8|0|0|0
Letter_28_1375975890|21|1767592260|0|1.16740|0.00000|255|1|0|0|0|0|S||10|0|8|0|0|0
Letter_293_1375975890|21|1767198720|0|1.17360|0.00000|255|1|0|0|0|0|S||10|0|8|0|0|0
Letter_295_1375975890|21|1767198600|0|1.17380|0.00000|65280|1|0|0|0|0|B||10|0|8|0|0|0
Letter_29_1375975890|21|1767590642|0|1.16780|0.00000|65280|1|0|0|0|0|B||10|0|8|0|0|0
Letter_305_1375975890|21|1767194520|0|1.17520|0.00000|255|1|0|0|0|0|S||10|0|8|0|0|0
Letter_307_1375975890|21|1767193800|0|1.17540|0.00000|65280|1|0|0|0|0|B||10|0|8|0|0|0
Letter_310_1375975890|21|1767192900|0|1.17540|0.00000|255|1|0|0|0|0|S||10|0|8|0|0|0
Letter_319_1375975890|21|1767186060|0|1.17420|0.00000|65280|1|0|0|0|0|B||10|0|8|0|0|0
Letter_320_1375975890|21|1767185280|0|1.17380|0.00000|255|1|0|0|0|0|S||10|0|8|0|0|0
Letter_325_1375975890|21|1767183000|0|1.17340|0.00000|65280|1|0|0|0|0|B||10|0|8|0|0|0
Letter_328_1375975890|21|1767181200|0|1.17340|0.00000|255|1|0|0|0|0|S||10|0|8|0|0|0
Letter_335_1375975890|21|1767178320|0|1.17260|0.00000|65280|1|0|0|0|0|B||10|0|8|0|0|0
Letter_342_1375975890|21|1767174180|0|1.17340|0.00000|255|1|0|0|0|0|S||10|0|8|0|0|0
Letter_345_1375975890|21|1767173460|0|1.17340|0.00000|65280|1|0|0|0|0|B||10|0|8|0|0|0
Letter_348_1375975890|21|1767170160|0|1.17340|0.00000|255|1|0|0|0|0|S||10|0|8|0|0|0
Letter_349_1375975890|21|1767168720|0|1.17380|0.00000|65280|1|0|0|0|0|B||10|0|8|0|0|0
Letter_350_1375975890|21|1767167160|0|1.17340|0.00000|255|1|0|0|0|0|S||10|0|8|0|0|0
Letter_351_1375975890|21|1767163860|0|1.17380|0.00000|65280|1|0|0|0|0|B||10|0|8|0|0|0
Letter_357_1375975890|21|1767142860|0|1.17440|0.00000|255|1|0|0|0|0|S||10|0|8|0|0|0
Letter_358_1375975890|21|1767142800|0|1.17480|0.00000|65280|1|0|0|0|0|B||10|0|8|0|0|0
Letter_359_1375975890|21|1767140400|0|1.17440|0.00000|255|1|0|0|0|0|S||10|0|8|0|0|0
Letter_360_1375975890|21|1767139200|0|1.17480|0.00000|65280|1|0|0|0|0|B||10|0|8|0|0|0
Letter_361_1375975890|21|1767136080|0|1.17440|0.00000|255|1|0|0|0|0|S||10|0|8|0|0|0
Letter_362_1375975890|21|1767135420|0|1.17480|0.00000|65280|1|0|0|0|0|B||10|0|8|0|0|0
Letter_364_1375975890|21|1767133320|0|1.17460|0.00000|255|1|0|0|0|0|S||10|0|8|0|0|0
Letter_365_1375975890|21|1767131640|0|1.17500|0.00000|65280|1|0|0|0|0|B||10|0|8|0|0|0
Letter_367_1375975890|21|1767129300|0|1.17480|0.00000|255|1|0|0|0|0|S||10|0|8|0|0|0
Letter_368_1375975890|21|1767128520|0|1.17520|0.00000|65280|1|0|0|0|0|B||10|0|8|0|0|0
Letter_36_1375975890|21|1767589200|0|1.16860|0.00000|255|1|0|0|0|0|S||10|0|8|0|0|0
Letter_376_1375975890|21|1767120540|0|1.17620|0.00000|255|1|0|0|0|0|S||10|0|8|0|0|0
Letter_385_1375975890|21|1767116580|0|1.17500|0.00000|65280|1|0|0|0|0|B||10|0|8|0|0|0
Letter_38_1375975890|21|1767588300|0|1.16880|0.00000|65280|1|0|0|0|0|B||10|0|8|0|0|0
Letter_394_1375975890|21|1767114480|0|1.17620|0.00000|255|1|0|0|0|0|S||10|0|8|0|0|0
Letter_397_1375975890|21|1767111120|0|1.17620|0.00000|65280|1|0|0|0|0|B||10|0|8|0|0|0
Letter_398_1375975890|21|1767110640|0|1.17580|0.00000|255|1|0|0|0|0|S||10|0|8|0|0|0
Letter_399_1375975890|21|1767110580|0|1.17620|0.00000|65280|1|0|0|0|0|B||10|0|8|0|0|0
Letter_402_1375975890|21|1767109980|0|1.17620|0.00000|255|1|0|0|0|0|S||10|0|8|0|0|0
Letter_405_1375975890|21|1767109680|0|1.17620|0.00000|65280|1|0|0|0|0|B||10|0|8|0|0|0
Letter_406_1375975890|21|1767109440|0|1.17580|0.00000|255|1|0|0|0|0|S||10|0|8|0|0|0
Letter_407_1375975890|21|1767109261|0|1.17620|0.00000|65280|1|0|0|0|0|B||10|0|8|0|0|0
Letter_409_1375975890|21|1767108661|0|1.17600|0.00000|255|1|0|0|0|0|S||10|0|8|0|0|0
Letter_411_1375975890|21|1767108601|0|1.17620|0.00000|65280|1|0|0|0|0|B||10|0|8|0|0|0
Letter_414_1375975890|21|1767108001|0|1.17620|0.00000|255|1|0|0|0|0|S||10|0|8|0|0|0
Letter_418_1375975890|21|1767107400|0|1.17600|0.00000|65280|1|0|0|0|0|B||10|0|8|0|0|0
Letter_423_1375975890|21|1767105420|0|1.17640|0.00000|255|1|0|0|0|0|S||10|0|8|0|0|0
Letter_424_1375975890|21|1767103440|0|1.17680|0.00000|65280|1|0|0|0|0|B||10|0|8|0|0|0
Letter_429_1375975890|21|1767100080|0|1.17720|0.00000|255|1|0|0|0|0|S||10|0|8|0|0|0
Letter_430_1375975890|21|1767099720|0|1.17760|0.00000|65280|1|0|0|0|0|B||10|0|8|0|0|0
Letter_431_1375975890|21|1767096600|0|1.17720|0.00000|255|1|0|0|0|0|S||10|0|8|0|0|0
Letter_433_1375975890|21|1767095880|0|1.17740|0.00000|65280|1|0|0|0|0|B||10|0|8|0|0|0
Letter_436_1375975890|21|1767095160|0|1.17740|0.00000|255|1|0|0|0|0|S||10|0|8|0|0|0
Letter_441_1375975890|21|1767092400|0|1.17700|0.00000|65280|1|0|0|0|0|B||10|0|8|0|0|0
Letter_444_1375975890|21|1767091200|0|1.17700|0.00000|255|1|0|0|0|0|S||10|0|8|0|0|0
Letter_446_1375975890|21|1767090180|0|1.17720|0.00000|65280|1|0|0|0|0|B||10|0|8|0|0|0
Letter_447_1375975890|21|1767089880|0|1.17680|0.00000|255|1|0|0|0|0|S||10|0|8|0|0|0
Letter_449_1375975890|21|1767089220|0|1.17700|0.00000|65280|1|0|0|0|0|B||10|0|8|0|0|0
Letter_451_1375975890|21|1767088860|0|1.17680|0.00000|255|1|0|0|0|0|S||10|0|8|0|0|0
Letter_452_1375975890|21|1767086520|0|1.17720|0.00000|65280|1|0|0|0|0|B||10|0|8|0|0|0
Letter_456_1375975890|21|1767082560|0|1.17740|0.00000|255|1|0|0|0|0|S||10|0|8|0|0|0
Letter_457_1375975890|21|1767080700|0|1.17780|0.00000|65280|1|0|0|0|0|B||10|0|8|0|0|0
Letter_458_1375975890|21|1767078180|0|1.17740|0.00000|255|1|0|0|0|0|S||10|0|8|0|0|0
Letter_460_1375975890|21|1767074400|0|1.17760|0.00000|65280|1|0|0|0|0|B||10|0|8|0|0|0
Letter_461_1375975890|21|1767072660|0|1.17720|0.00000|255|1|0|0|0|0|S||10|0|8|0|0|0
Letter_462_1375975890|21|1767067920|0|1.17760|0.00000|65280|1|0|0|0|0|B||10|0|8|0|0|0
Letter_463_1375975890|21|1767067200|0|1.17720|0.00000|255|1|0|0|0|0|S||10|0|8|0|0|0
Letter_465_1375975890|21|1767064140|0|1.17740|0.00000|65280|1|0|0|0|0|B||10|0|8|0|0|0
Letter_466_1375975890|21|1767056820|0|1.17700|0.00000|255|1|0|0|0|0|S||10|0|8|0|0|0
Letter_469_1375975890|21|1767056100|0|1.17700|0.00000|65280|1|0|0|0|0|B||10|0|8|0|0|0
Letter_470_1375975890|21|1767055260|0|1.17660|0.00000|255|1|0|0|0|0|S||10|0|8|0|0|0
Letter_472_1375975890|21|1767053101|0|1.17680|0.00000|65280|1|0|0|0|0|B||10|0|8|0|0|0
Letter_476_1375975890|21|1767050340|0|1.17700|0.00000|255|1|0|0|0|0|S||10|0|8|0|0|0
Letter_487_1375975890|21|1767037980|0|1.17540|0.00000|65280|1|0|0|0|0|B||10|0|8|0|0|0
Letter_488_1375975890|21|1767036720|0|1.17500|0.00000|255|1|0|0|0|0|S||10|0|8|0|0|0
Letter_489_1375975890|21|1767036300|0|1.17540|0.00000|65280|1|0|0|0|0|B||10|0|8|0|0|0
Letter_48_1375975890|21|1767584700|0|1.17020|0.00000|255|1|0|0|0|0|S||10|0|8|0|0|0
Letter_493_1375975890|21|1767033600|0|1.17560|0.00000|255|1|0|0|0|0|S||10|0|8|0|0|0
Letter_495_1375975890|21|1767033060|0|1.17580|0.00000|65280|1|0|0|0|0|B||10|0|8|0|0|0
Letter_49_1375975890|21|1767583620|0|1.17060|0.00000|65280|1|0|0|0|0|B||10|0|8|0|0|0
Letter_4_1375975890|21|1767607754|0|1.16880|0.00000|65280|1|0|0|0|0|B||10|0|8|0|0|0
Letter_501_1375975890|21|1767031320|0|1.17640|0.00000|255|1|0|0|0|0|S||10|0|8|0|0|0
Letter_502_1375975890|21|1767031260|0|1.17680|0.00000|65280|1|0|0|0|0|B||10|0|8|0|0|0
Letter_50_1375975890|21|1767582600|0|1.17020|0.00000|255|1|0|0|0|0|S||10|0|8|0|0|0
Letter_512_1375975890|21|1767030600|0|1.17820|0.00000|255|1|0|0|0|0|S||10|0|8|0|0|0
Letter_514_1375975890|21|1767030480|0|1.17840|0.00000|65280|1|0|0|0|0|B||10|0|8|0|0|0
Letter_515_1375975890|21|1767030300|0|1.17800|0.00000|255|1|0|0|0|0|S||10|0|8|0|0|0
Letter_519_1375975890|21|1767029880|0|1.17780|0.00000|65280|1|0|0|0|0|B||10|0|8|0|0|0
Letter_51_1375975890|21|1767582240|0|1.17060|0.00000|65280|1|0|0|0|0|B||10|0|8|0|0|0
Letter_523_1375975890|21|1767029220|0|1.17800|0.00000|255|1|0|0|0|0|S||10|0|8|0|0|0
Letter_525_1375975890|21|1767028920|0|1.17820|0.00000|65280|1|0|0|0|0|B||10|0|8|0|0|0
Letter_528_1375975890|21|1767027660|0|1.17820|0.00000|255|1|0|0|0|0|S||10|0|8|0|0|0
Letter_529_1375975890|21|1767027240|0|1.17860|0.00000|65280|1|0|0|0|0|B||10|0|8|0|0|0
Letter_531_1375975890|21|1767026761|0|1.17840|0.00000|255|1|0|0|0|0|S||10|0|8|0|0|0
Letter_540_1375975890|21|1767024360|0|1.17720|0.00000|65280|1|0|0|0|0|B||10|0|8|0|0|0
Letter_541_1375975890|21|1767023400|0|1.17680|0.00000|255|1|0|0|0|0|S||10|0|8|0|0|0
Letter_545_1375975890|21|1767021960|0|1.17660|0.00000|65280|1|0|0|0|0|B||10|0|8|0|0|0
Letter_546_1375975890|21|1767020820|0|1.17620|0.00000|255|1|0|0|0|0|S||10|0|8|0|0|0
Letter_54_1375975890|21|1767579720|0|1.17060|0.00000|255|1|0|0|0|0|S||10|0|8|0|0|0
Letter_550_1375975890|21|1767019500|0|1.17600|0.00000|65280|1|0|0|0|0|B||10|0|8|0|0|0
Letter_552_1375975890|21|1767018420|0|1.17580|0.00000|255|1|0|0|0|0|S||10|0|8|0|0|0
Letter_553_1375975890|21|1767018300|0|1.17620|0.00000|65280|1|0|0|0|0|B||10|0|8|0|0|0
Letter_558_1375975890|21|1767015840|0|1.17660|0.00000|255|1|0|0|0|0|S||10|0|8|0|0|0
Letter_55_1375975890|21|1767579300|0|1.17100|0.00000|65280|1|0|0|0|0|B||10|0|8|0|0|0
Letter_563_1375975890|21|1767014100|0|1.17620|0.00000|65280|1|0|0|0|0|B||10|0|8|0|0|0
Letter_56_1375975890|21|1767579060|0|1.17060|0.00000|255|1|0|0|0|0|S||10|0|8|0|0|0
Letter_572_1375975890|21|1767012600|0|1.17740|0.00000|255|1|0|0|0|0|S||10|0|8|0|0|0
Letter_573_1375975890|21|1767012300|0|1.17780|0.00000|65280|1|0|0|0|0|B||10|0|8|0|0|0
Letter_575_1375975890|21|1767010800|0|1.17760|0.00000|255|1|0|0|0|0|S||10|0|8|0|0|0
Letter_577_1375975890|21|1767010080|0|1.17780|0.00000|65280|1|0|0|0|0|B||10|0|8|0|0|0
Letter_583_1375975890|21|1767008400|0|1.17840|0.00000|255|1|0|0|0|0|S||10|0|8|0|0|0
Letter_58_1375975890|21|1767578040|0|1.17080|0.00000|65280|1|0|0|0|0|B||10|0|8|0|0|0
Letter_590_1375975890|21|1767006420|0|1.17760|0.00000|65280|1|0|0|0|0|B||10|0|8|0|0|0
Letter_596_1375975890|21|1767006000|0|1.17820|0.00000|255|1|0|0|0|0|S||10|0|8|0|0|0
Letter_597_1375975890|21|1767005761|0|1.17860|0.00000|65280|1|0|0|0|0|B||10|0|8|0|0|0
Letter_599_1375975890|21|1767005401|0|1.17840|0.00000|255|1|0|0|0|0|S||10|0|8|0|0|0
Letter_59_1375975890|21|1767577800|0|1.17040|0.00000|255|1|0|0|0|0|S||10|0|8|0|0|0
Letter_5_1375975890|21|1767607557|0|1.16840|0.00000|255|1|0|0|0|0|S||10|0|8|0|0|0
Letter_605_1375975890|21|1767004200|0|1.17780|0.00000|65280|1|0|0|0|0|B||10|0|8|0|0|0
Letter_606_1375975890|21|1767003600|0|1.17740|0.00000|255|1|0|0|0|0|S||10|0|8|0|0|0
Letter_608_1375975890|21|1767002520|0|1.17760|0.00000|65280|1|0|0|0|0|B||10|0|8|0|0|0
Letter_60_1375975890|21|1767577320|0|1.17080|0.00000|65280|1|0|0|0|0|B||10|0|8|0|0|0
Letter_610_1375975890|21|1767002100|0|1.17740|0.00000|255|1|0|0|0|0|S||10|0|8|0|0|0
Letter_615_1375975890|21|1766999400|0|1.17700|0.00000|65280|1|0|0|0|0|B||10|0|8|0|0|0
Letter_617_1375975890|21|1766998860|0|1.17680|0.00000|255|1|0|0|0|0|S||10|0|8|0|0|0
Letter_624_1375975890|21|1766995680|0|1.17600|0.00000|65280|1|0|0|0|0|B||10|0|8|0|0|0
Letter_625_1375975890|21|1766995440|0|1.17560|0.00000|255|1|0|0|0|0|S||10|0|8|0|0|0
Letter_627_1375975890|21|1766993100|0|1.17580|0.00000|65280|1|0|0|0|0|B||10|0|8|0|0|0
Letter_637_1375975890|21|1766986620|0|1.17720|0.00000|255|1|0|0|0|0|S||10|0|8|0|0|0
Letter_638_1375975890|21|1766986140|0|1.17760|0.00000|65280|1|0|0|0|0|B||10|0|8|0|0|0
Letter_63_1375975890|21|1767575280|0|1.17080|0.00000|255|1|0|0|0|0|S||10|0|8|0|0|0
Letter_644_1375975890|21|1766980020|0|1.17820|0.00000|255|1|0|0|0|0|S||10|0|8|0|0|0
Letter_646_1375975890|21|1766976240|0|1.17840|0.00000|65280|1|0|0|0|0|B||10|0|8|0|0|0
Letter_647_1375975890|21|1766976060|0|1.17800|0.00000|255|1|0|0|0|0|S||10|0|8|0|0|0
Letter_652_1375975890|21|1766974920|0|1.17760|0.00000|65280|1|0|0|0|0|B||10|0|8|0|0|0
Letter_653_1375975890|21|1766973900|0|1.17720|0.00000|255|1|0|0|0|0|S||10|0|8|0|0|0
Letter_654_1375975890|21|1766973420|0|1.17760|0.00000|65280|1|0|0|0|0|B||10|0|8|0|0|0
Letter_655_1375975890|21|1766970960|0|1.17720|0.00000|255|1|0|0|0|0|S||10|0|8|0|0|0
Letter_660_1375975890|21|1766968080|0|1.17680|0.00000|65280|1|0|0|0|0|B||10|0|8|0|0|0
Letter_661_1375975890|21|1766967960|0|1.17640|0.00000|255|1|0|0|0|0|S||10|0|8|0|0|0
Letter_662_1375975890|21|1766967720|0|1.17680|0.00000|65280|1|0|0|0|0|B||10|0|8|0|0|0
Letter_663_1375975890|21|1766967420|0|1.17640|0.00000|255|1|0|0|0|0|S||10|0|8|0|0|0
Letter_666_1375975890|21|1766966403|0|1.17640|0.00000|65280|1|0|0|0|0|B||10|0|8|0|0|0
Letter_670_1375975890|21|1766793300|0|1.17660|0.00000|255|1|0|0|0|0|S||10|0|8|0|0|0
Letter_671_1375975890|21|1766792520|0|1.17700|0.00000|65280|1|0|0|0|0|B||10|0|8|0|0|0
Letter_677_1375975890|21|1766788680|0|1.17760|0.00000|255|1|0|0|0|0|S||10|0|8|0|0|0
Letter_67_1375975890|21|1767574921|0|1.17060|0.00000|65280|1|0|0|0|0|B||10|0|8|0|0|0
Letter_685_1375975890|21|1766777580|0|1.17660|0.00000|65280|1|0|0|0|0|B||10|0|8|0|0|0
Letter_687_1375975890|21|1766776920|0|1.17640|0.00000|255|1|0|0|0|0|S||10|0|8|0|0|0
Letter_688_1375975890|21|1766776500|0|1.17680|0.00000|65280|1|0|0|0|0|B||10|0|8|0|0|0
Letter_689_1375975890|21|1766776020|0|1.17640|0.00000|255|1|0|0|0|0|S||10|0|8|0|0|0
Letter_690_1375975890|21|1766773440|0|1.17680|0.00000|65280|1|0|0|0|0|B||10|0|8|0|0|0
Letter_696_1375975890|21|1766771821|0|1.17740|0.00000|255|1|0|0|0|0|S||10|0|8|0|0|0
Letter_698_1375975890|21|1766771700|0|1.17760|0.00000|65280|1|0|0|0|0|B||10|0|8|0|0|0
Letter_6_1375975890|21|1767607095|0|1.16880|0.00000|65280|1|0|0|0|0|B||10|0|8|0|0|0
Letter_707_1375975890|21|1766769480|0|1.17880|0.00000|255|1|0|0|0|0|S||10|0|8|0|0|0
Letter_711_1375975890|21|1766767740|0|1.17860|0.00000|65280|1|0|0|0|0|B||10|0|8|0|0|0
Letter_717_1375975890|21|1766763900|0|1.17920|0.00000|255|1|0|0|0|0|S||10|0|8|0|0|0
Letter_720_1375975890|21|1766762580|0|1.17920|0.00000|65280|1|0|0|0|0|B||10|0|8|0|0|0
Letter_722_1375975890|21|1766762220|0|1.17900|0.00000|255|1|0|0|0|0|S||10|0|8|0|0|0
Letter_731_1375975890|21|1766758800|0|1.17780|0.00000|65280|1|0|0|0|0|B||10|0|8|0|0|0
Letter_734_1375975890|21|1766755440|0|1.17780|0.00000|255|1|0|0|0|0|S||10|0|8|0|0|0
Letter_737_1375975890|21|1766753940|0|1.17780|0.00000|65280|1|0|0|0|0|B||10|0|8|0|0|0
Letter_738_1375975890|21|1766751660|0|1.17740|0.00000|255|1|0|0|0|0|S||10|0|8|0|0|0
Letter_741_1375975890|21|1766747820|0|1.17740|0.00000|65280|1|0|0|0|0|B||10|0|8|0|0|0
Letter_743_1375975890|21|1766746200|0|1.17720|0.00000|255|1|0|0|0|0|S||10|0|8|0|0|0
Letter_744_1375975890|21|1766745780|0|1.17760|0.00000|65280|1|0|0|0|0|B||10|0|8|0|0|0
Letter_745_1375975890|21|1766744940|0|1.17720|0.00000|255|1|0|0|0|0|S||10|0|8|0|0|0
Letter_748_1375975890|21|1766743320|0|1.17720|0.00000|65280|1|0|0|0|0|B||10|0|8|0|0|0
Letter_751_1375975890|21|1766741760|0|1.17720|0.00000|255|1|0|0|0|0|S||10|0|8|0|0|0
Letter_752_1375975890|21|1766740920|0|1.17760|0.00000|65280|1|0|0|0|0|B||10|0|8|0|0|0
Letter_754_1375975890|21|1766739420|0|1.17740|0.00000|255|1|0|0|0|0|S||10|0|8|0|0|0
Letter_756_1375975890|21|1766738580|0|1.17760|0.00000|65280|1|0|0|0|0|B||10|0|8|0|0|0
Letter_762_1375975890|21|1766735160|0|1.17820|0.00000|255|1|0|0|0|0|S||10|0|8|0|0|0
Letter_763_1375975890|21|1766732580|0|1.17860|0.00000|65280|1|0|0|0|0|B||10|0|8|0|0|0
Letter_764_1375975890|21|1766730840|0|1.17820|0.00000|255|1|0|0|0|0|S||10|0|8|0|0|0
Letter_765_1375975890|21|1766729640|0|1.17860|0.00000|65280|1|0|0|0|0|B||10|0|8|0|0|0
Letter_769_1375975890|21|1766723820|0|1.17880|0.00000|255|1|0|0|0|0|S||10|0|8|0|0|0
Letter_76_1375975890|21|1767395280|0|1.17180|0.00000|255|1|0|0|0|0|S||10|0|8|0|0|0
Letter_772_1375975890|21|1766723100|0|1.17880|0.00000|65280|1|0|0|0|0|B||10|0|8|0|0|0
Letter_774_1375975890|21|1766719860|0|1.17860|0.00000|255|1|0|0|0|0|S||10|0|8|0|0|0
Letter_776_1375975890|21|1766718780|0|1.17880|0.00000|65280|1|0|0|0|0|B||10|0|8|0|0|0
Letter_777_1375975890|21|1766718360|0|1.17840|0.00000|255|1|0|0|0|0|S||10|0|8|0|0|0
Letter_778_1375975890|21|1766718120|0|1.17880|0.00000|65280|1|0|0|0|0|B||10|0|8|0|0|0
Letter_780_1375975890|21|1766715960|0|1.17860|0.00000|255|1|0|0|0|0|S||10|0|8|0|0|0
Letter_785_1375975890|21|1766714820|0|1.17820|0.00000|65280|1|0|0|0|0|B||10|0|8|0|0|0
Letter_787_1375975890|21|1766713800|0|1.17800|0.00000|255|1|0|0|0|0|S||10|0|8|0|0|0
Letter_789_1375975890|21|1766712840|0|1.17820|0.00000|65280|1|0|0|0|0|B||10|0|8|0|0|0
Letter_78_1375975890|21|1767394560|0|1.17200|0.00000|65280|1|0|0|0|0|B||10|0|8|0|0|0
Letter_790_1375975890|21|1766711760|0|1.17780|0.00000|255|1|0|0|0|0|S||10|0|8|0|0|0
Letter_791_1375975890|21|1766710800|0|1.17820|0.00000|65280|1|0|0|0|0|B||10|0|8|0|0|0
Letter_792_1375975890|21|1766708640|0|1.17780|0.00000|255|1|0|0|0|0|S||10|0|8|0|0|0
Letter_794_1375975890|21|1766708461|0|1.17800|0.00000|65280|1|0|0|0|0|B||10|0|8|0|0|0
Letter_796_1375975890|21|1766707680|0|1.17780|0.00000|255|1|0|0|0|0|S||10|0|8|0|0|0
Letter_797_1375975890|21|1766617260|0|1.17820|0.00000|65280|1|0|0|0|0|B||10|0|8|0|0|0
Letter_798_1375975890|21|1766613420|0|1.17780|0.00000|255|1|0|0|0|0|S||10|0|8|0|0|0
Letter_801_1375975890|21|1766606280|0|1.17780|0.00000|65280|1|0|0|0|0|B||10|0|8|0|0|0
Letter_804_1375975890|21|1766604660|0|1.17780|0.00000|255|1|0|0|0|0|S||10|0|8|0|0|0
Letter_805_1375975890|21|1766603880|0|1.17820|0.00000|65280|1|0|0|0|0|B||10|0|8|0|0|0
Letter_806_1375975890|21|1766603160|0|1.17780|0.00000|255|1|0|0|0|0|S||10|0|8|0|0|0
Letter_809_1375975890|21|1766600760|0|1.17780|0.00000|65280|1|0|0|0|0|B||10|0|8|0|0|0
Letter_80_1375975890|21|1767393000|0|1.17180|0.00000|255|1|0|0|0|0|S||10|0|8|0|0|0
Letter_811_1375975890|21|1766599320|0|1.17760|0.00000|255|1|0|0|0|0|S||10|0|8|0|0|0
Letter_812_1375975890|21|1766598720|0|1.17800|0.00000|65280|1|0|0|0|0|B||10|0|8|0|0|0
Letter_814_1375975890|21|1766596860|0|1.17780|0.00000|255|1|0|0|0|0|S||10|0|8|0|0|0
Letter_815_1375975890|21|1766595660|0|1.17820|0.00000|65280|1|0|0|0|0|B||10|0|8|0|0|0
Letter_816_1375975890|21|1766595480|0|1.17780|0.00000|255|1|0|0|0|0|S||10|0|8|0|0|0
Letter_817_1375975890|21|1766595300|0|1.17820|0.00000|65280|1|0|0|0|0|B||10|0|8|0|0|0
Letter_822_1375975890|21|1766591040|0|1.17860|0.00000|255|1|0|0|0|0|S||10|0|8|0|0|0
Letter_823_1375975890|21|1766590620|0|1.17900|0.00000|65280|1|0|0|0|0|B||10|0|8|0|0|0
Letter_824_1375975890|21|1766590380|0|1.17860|0.00000|255|1|0|0|0|0|S||10|0|8|0|0|0
Letter_826_1375975890|21|1766590200|0|1.17880|0.00000|65280|1|0|0|0|0|B||10|0|8|0|0|0
Letter_828_1375975890|21|1766589120|0|1.17860|0.00000|255|1|0|0|0|0|S||10|0|8|0|0|0
Letter_82_1375975890|21|1767391561|0|1.17200|0.00000|65280|1|0|0|0|0|B||10|0|8|0|0|0
Letter_830_1375975890|21|1766588340|0|1.17880|0.00000|65280|1|0|0|0|0|B||10|0|8|0|0|0
Letter_836_1375975890|21|1766580720|0|1.17940|0.00000|255|1|0|0|0|0|S||10|0|8|0|0|0
Letter_838_1375975890|21|1766580301|0|1.17960|0.00000|65280|1|0|0|0|0|B||10|0|8|0|0|0
Letter_841_1375975890|21|1766577240|0|1.17960|0.00000|255|1|0|0|0|0|S||10|0|8|0|0|0
Letter_842_1375975890|21|1766575740|0|1.18000|0.00000|65280|1|0|0|0|0|B||10|0|8|0|0|0
Letter_843_1375975890|21|1766574180|0|1.17960|0.00000|255|1|0|0|0|0|S||10|0|8|0|0|0
Letter_852_1375975890|21|1766571540|0|1.17840|0.00000|65280|1|0|0|0|0|B||10|0|8|0|0|0
Letter_856_1375975890|21|1766570880|0|1.17860|0.00000|255|1|0|0|0|0|S||10|0|8|0|0|0
Letter_857_1375975890|21|1766570760|0|1.17900|0.00000|65280|1|0|0|0|0|B||10|0|8|0|0|0
Letter_859_1375975890|21|1766569980|0|1.17880|0.00000|255|1|0|0|0|0|S||10|0|8|0|0|0
Letter_85_1375975890|21|1767391020|0|1.17200|0.00000|255|1|0|0|0|0|S||10|0|8|0|0|0
Letter_860_1375975890|21|1766569680|0|1.17920|0.00000|65280|1|0|0|0|0|B||10|0|8|0|0|0
Letter_867_1375975890|21|1766565720|0|1.18000|0.00000|255|1|0|0|0|0|S||10|0|8|0|0|0
Letter_869_1375975890|21|1766564760|0|1.18020|0.00000|65280|1|0|0|0|0|B||10|0|8|0|0|0
Letter_870_1375975890|21|1766562600|0|1.17980|0.00000|255|1|0|0|0|0|S||10|0|8|0|0|0
Letter_877_1375975890|21|1766556840|0|1.17900|0.00000|65280|1|0|0|0|0|B||10|0|8|0|0|0
Letter_887_1375975890|21|1766549100|0|1.18040|0.00000|255|1|0|0|0|0|S||10|0|8|0|0|0
Letter_88_1375975890|21|1767387960|0|1.17200|0.00000|65280|1|0|0|0|0|B||10|0|8|0|0|0
Letter_894_1375975890|21|1766543100|0|1.17960|0.00000|65280|1|0|0|0|0|B||10|0|8|0|0|0
Letter_896_1375975890|21|1766541840|0|1.17940|0.00000|255|1|0|0|0|0|S||10|0|8|0|0|0
Letter_89_1375975890|21|1767387480|0|1.17160|0.00000|255|1|0|0|0|0|S||10|0|8|0|0|0
Letter_8_1375975890|21|1767606861|0|1.16860|0.00000|255|1|0|0|0|0|S||10|0|8|0|0|0
Letter_904_1375975890|21|1766534406|0|1.17840|0.00000|65280|1|0|0|0|0|B||10|0|8|0|0|0
Letter_90_1375975890|21|1767386760|0|1.17200|0.00000|65280|1|0|0|0|0|B||10|0|8|0|0|0
Letter_911_1375975890|21|1766533260|0|1.17920|0.00000|255|1|0|0|0|0|S||10|0|8|0|0|0
Letter_923_1375975890|21|1766519460|0|1.17740|0.00000|65280|1|0|0|0|0|B||10|0|8|0|0|0
Letter_924_1375975890|21|1766518740|0|1.17700|0.00000|255|1|0|0|0|0|S||10|0|8|0|0|0
Letter_925_1375975890|21|1766518380|0|1.17740|0.00000|65280|1|0|0|0|0|B||10|0|8|0|0|0
Letter_929_1375975890|21|1766515800|0|1.17760|0.00000|255|1|0|0|0|0|S||10|0|8|0|0|0
Letter_931_1375975890|21|1766514660|0|1.17780|0.00000|65280|1|0|0|0|0|B||10|0|8|0|0|0
Letter_932_1375975890|21|1766513940|0|1.17740|0.00000|255|1|0|0|0|0|S||10|0|8|0|0|0
Letter_937_1375975890|21|1766512260|0|1.17700|0.00000|65280|1|0|0|0|0|B||10|0|8|0|0|0
Letter_938_1375975890|21|1766512200|0|1.17660|0.00000|255|1|0|0|0|0|S||10|0|8|0|0|0
Letter_940_1375975890|21|1766511960|0|1.17680|0.00000|65280|1|0|0|0|0|B||10|0|8|0|0|0
Letter_946_1375975890|21|1766509740|0|1.17740|0.00000|255|1|0|0|0|0|S||10|0|8|0|0|0
Letter_950_1375975890|21|1766509200|0|1.17720|0.00000|65280|1|0|0|0|0|B||10|0|8|0|0|0
Letter_954_1375975890|21|1766507881|0|1.17740|0.00000|255|1|0|0|0|0|S||10|0|8|0|0|0
Letter_957_1375975890|21|1766507760|0|1.17740|0.00000|65280|1|0|0|0|0|B||10|0|8|0|0|0
Letter_958_1375975890|21|1766507340|0|1.17700|0.00000|255|1|0|0|0|0|S||10|0|8|0|0|0
Letter_959_1375975890|21|1766506740|0|1.17740|0.00000|65280|1|0|0|0|0|B||10|0|8|0|0|0
Letter_962_1375975890|21|1766505720|0|1.17740|0.00000|255|1|0|0|0|0|S||10|0|8|0|0|0
Letter_963_1375975890|21|1766505600|0|1.17780|0.00000|65280|1|0|0|0|0|B||10|0|8|0|0|0
Letter_969_1375975890|21|1766504280|0|1.17840|0.00000|255|1|0|0|0|0|S||10|0|8|0|0|0
Letter_972_1375975890|21|1766503860|0|1.17840|0.00000|65280|1|0|0|0|0|B||10|0|8|0|0|0
Letter_977_1375975890|21|1766503080|0|1.17880|0.00000|255|1|0|0|0|0|S||10|0|8|0|0|0
Letter_979_1375975890|21|1766502420|0|1.17900|0.00000|65280|1|0|0|0|0|B||10|0|8|0|0|0
Letter_986_1375975890|21|1766500320|0|1.17980|0.00000|255|1|0|0|0|0|S||10|0|8|0|0|0
Letter_989_1375975890|21|1766497920|0|1.17980|0.00000|65280|1|0|0|0|0|B||10|0|8|0|0|0
Letter_990_1375975890|21|1766496480|0|1.17940|0.00000|255|1|0|0|0|0|S||10|0|8|0|0|0
Letter_991_1375975890|21|1766496060|0|1.17980|0.00000|65280|1|0|0|0|0|B||10|0|8|0|0|0
Letter_993_1375975890|21|1766494320|0|1.17960|0.00000|255|1|0|0|0|0|S||10|0|8|0|0|0
Letter_996_1375975890|21|1766492460|0|1.17960|0.00000|65280|1|0|0|0|0|B||10|0|8|0|0|0
Letter_997_1375975890|21|1766491380|0|1.17920|0.00000|255|1|0|0|0|0|S||10|0|8|0|0|0
Letter_99_1375975890|21|1767382380|0|1.17320|0.00000|255|1|0|0|0|0|S||10|0|8|0|0|0
Letter_9_1375975890|21|1767606180|0|1.16900|0.00000|65280|1|0|0|0|0|B||10|0|8|0|0|0
NormalTL_H_1007|2|1766487780|1766488980|1.17900|1.17900|16711680|2|1|0|1|0|||0|0
NormalTL_H_115|2|1767376680|1767377880|1.17540|1.17540|16711680|2|1|0|1|0|||0|0
NormalTL_H_14|2|1767604860|1767606060|1.16920|1.16920|16711680|2|1|0|1|0|||0|0
NormalTL_H_144|2|1767366900|1767368100|1.17280|1.17280|16711680|2|1|0|1|0|||0|0
NormalTL_H_155|2|1767360600|1767361800|1.17220|1.17220|16711680|2|1|0|1|0|||0|0
NormalTL_H_159|2|1767358140|1767359340|1.17220|1.17220|16711680|2|1|0|1|0|||0|0
NormalTL_H_210|2|1767325800|1767327000|1.17640|1.17640|16711680|2|1|0|1|0|||0|0
NormalTL_H_226|2|1767221760|1767222960|1.17520|1.17520|16711680|2|1|0|1|0|||0|0
NormalTL_H_23|2|1767598320|1767599520|1.16860|1.16860|16711680|2|1|0|1|0|||0|0
NormalTL_H_239|2|1767211140|1767212340|1.17380|1.17380|16711680|2|1|0|1|0|||0|0
NormalTL_H_243|2|1767208560|1767209760|1.17380|1.17380|16711680|2|1|0|1|0|||0|0
NormalTL_H_247|2|1767207840|1767209040|1.17380|1.17380|16711680|2|1|0|1|0|||0|0
NormalTL_H_262|2|1767203880|1767205080|1.17480|1.17480|16711680|2|1|0|1|0|||0|0
NormalTL_H_277|2|1767202500|1767203700|1.17380|1.17380|16711680|2|1|0|1|0|||0|0
NormalTL_H_294|2|1767198660|1767199860|1.17400|1.17400|16711680|2|1|0|1|0|||0|0
NormalTL_H_306|2|1767194280|1767195480|1.17560|1.17560|16711680|2|1|0|1|0|||0|0
NormalTL_H_311|2|1767192720|1767193920|1.17580|1.17580|16711680|2|1|0|1|0|||0|0
NormalTL_H_329|2|1767180960|1767182160|1.17380|1.17380|16711680|2|1|0|1|0|||0|0
NormalTL_H_343|2|1767174060|1767175260|1.17380|1.17380|16711680|2|1|0|1|0|||0|0
NormalTL_H_37|2|1767588840|1767590040|1.16900|1.16900|16711680|2|1|0|1|0|||0|0
NormalTL_H_377|2|1767120060|1767121260|1.17660|1.17660|16711680|2|1|0|1|0|||0|0
NormalTL_H_395|2|1767113760|1767114960|1.17660|1.17660|16711680|2|1|0|1|0|||0|0
NormalTL_H_403|2|1767109800|1767111000|1.17660|1.17660|16711680|2|1|0|1|0|||0|0
NormalTL_H_410|2|1767108660|1767109860|1.17640|1.17640|16711680|2|1|0|1|0|||0|0
NormalTL_H_415|2|1767108000|1767109200|1.17660|1.17660|16711680|2|1|0|1|0|||0|0
NormalTL_H_437|2|1767094200|1767095400|1.17780|1.17780|16711680|2|1|0|1|0|||0|0
NormalTL_H_445|2|1767090480|1767091680|1.17740|1.17740|16711680|2|1|0|1|0|||0|0
NormalTL_H_477|2|1767049320|1767050520|1.17740|1.17740|16711680|2|1|0|1|0|||0|0
NormalTL_H_494|2|1767033540|1767034740|1.17600|1.17600|16711680|2|1|0|1|0|||0|0
NormalTL_H_513|2|1767030540|1767031740|1.17860|1.17860|16711680|2|1|0|1|0|||0|0
NormalTL_H_524|2|1767028980|1767030180|1.17840|1.17840|16711680|2|1|0|1|0|||0|0
NormalTL_H_532|2|1767026760|1767027960|1.17880|1.17880|16711680|2|1|0|1|0|||0|0
NormalTL_H_559|2|1767015780|1767016980|1.17700|1.17700|16711680|2|1|0|1|0|||0|0
NormalTL_H_576|2|1767010560|1767011760|1.17800|1.17800|16711680|2|1|0|1|0|||0|0
NormalTL_H_584|2|1767008220|1767009420|1.17880|1.17880|16711680|2|1|0|1|0|||0|0
NormalTL_H_600|2|1767005400|1767006600|1.17880|1.17880|16711680|2|1|0|1|0|||0|0
NormalTL_H_611|2|1767001560|1767002760|1.17780|1.17780|16711680|2|1|0|1|0|||0|0
NormalTL_H_618|2|1766998800|1767000000|1.17720|1.17720|16711680|2|1|0|1|0|||0|0
NormalTL_H_64|2|1767575102|1767576302|1.17120|1.17120|16711680|2|1|0|1|0|||0|0
NormalTL_H_645|2|1766978460|1766979660|1.17860|1.17860|16711680|2|1|0|1|0|||0|0
NormalTL_H_678|2|1766786460|1766787660|1.17800|1.17800|16711680|2|1|0|1|0|||0|0
NormalTL_H_697|2|1766771820|1766773020|1.17780|1.17780|16711680|2|1|0|1|0|||0|0
NormalTL_H_708|2|1766769000|1766770200|1.17920|1.17920|16711680|2|1|0|1|0|||0|0
NormalTL_H_718|2|1766763240|1766764440|1.17960|1.17960|16711680|2|1|0|1|0|||0|0
NormalTL_H_723|2|1766761621|1766762821|1.17940|1.17940|16711680|2|1|0|1|0|||0|0
NormalTL_H_735|2|1766755380|1766756580|1.17820|1.17820|16711680|2|1|0|1|0|||0|0
NormalTL_H_755|2|1766738880|1766740080|1.17780|1.17780|16711680|2|1|0|1|0|||0|0
NormalTL_H_77|2|1767394920|1767396120|1.17220|1.17220|16711680|2|1|0|1|0|||0|0
NormalTL_H_770|2|1766723760|1766724960|1.17920|1.17920|16711680|2|1|0|1|0|||0|0
NormalTL_H_775|2|1766719440|1766720640|1.17900|1.17900|16711680|2|1|0|1|0|||0|0
NormalTL_H_781|2|1766715901|1766717101|1.17900|1.17900|16711680|2|1|0|1|0|||0|0
NormalTL_H_788|2|1766713320|1766714520|1.17840|1.17840|16711680|2|1|0|1|0|||0|0
NormalTL_H_81|2|1767391860|1767393060|1.17220|1.17220|16711680|2|1|0|1|0|||0|0
NormalTL_H_829|2|1766588520|1766589720|1.17900|1.17900|16711680|2|1|0|1|0|||0|0
NormalTL_H_837|2|1766580600|1766581800|1.17980|1.17980|16711680|2|1|0|1|0|||0|0
NormalTL_H_86|2|1767390900|1767392100|1.17240|1.17240|16711680|2|1|0|1|0|||0|0
NormalTL_H_868|2|1766565480|1766566680|1.18040|1.18040|16711680|2|1|0|1|0|||0|0
NormalTL_H_888|2|1766547840|1766549040|1.18080|1.18080|16711680|2|1|0|1|0|||0|0
NormalTL_H_897|2|1766538060|1766539260|1.17980|1.17980|16711680|2|1|0|1|0|||0|0
NormalTL_H_912|2|1766533020|1766534220|1.17960|1.17960|16711680|2|1|0|1|0|||0|0
NormalTL_H_930|2|1766515200|1766516400|1.17800|1.17800|16711680|2|1|0|1|0|||0|0
NormalTL_H_947|2|1766509501|1766510701|1.17780|1.17780|16711680|2|1|0|1|0|||0|0
NormalTL_H_955|2|1766507880|1766509080|1.17780|1.17780|16711680|2|1|0|1|0|||0|0
NormalTL_H_970|2|1766503980|1766505180|1.17880|1.17880|16711680|2|1|0|1|0|||0|0
NormalTL_H_978|2|1766503020|1766504220|1.17920|1.17920|16711680|2|1|0|1|0|||0|0
NormalTL_H_987|2|1766499480|1766500680|1.18020|1.18020|16711680|2|1|0|1|0|||0|0
NormalTL_H_994|2|1766493060|1766494260|1.18000|1.18000|16711680|2|1|0|1|0|||0|0
NormalTL_L_1004|2|1766488800|1766490000|1.17820|1.17820|13850042|2|1|0|1|0|||0|0
NormalTL_L_139|2|1767370620|1767371820|1.17160|1.17160|13850042|2|1|0|1|0|||0|0
NormalTL_L_153|2|1767361020|1767362220|1.17160|1.17160|13850042|2|1|0|1|0|||0|0
NormalTL_L_157|2|1767359640|1767360840|1.17160|1.17160|13850042|2|1|0|1|0|||0|0
NormalTL_L_162|2|1767356040|1767357240|1.17140|1.17140|13850042|2|1|0|1|0|||0|0
NormalTL_L_181|2|1767349140|1767350340|1.17240|1.17240|13850042|2|1|0|1|0|||0|0
NormalTL_L_21|2|1767600300|1767601500|1.16800|1.16800|13850042|2|1|0|1|0|||0|0
NormalTL_L_221|2|1767312061|1767313261|1.17400|1.17400|13850042|2|1|0|1|0|||0|0
NormalTL_L_237|2|1767211320|1767212520|1.17320|1.17320|13850042|2|1|0|1|0|||0|0
NormalTL_L_241|2|1767210900|1767212100|1.17320|1.17320|13850042|2|1|0|1|0|||0|0
NormalTL_L_245|2|1767208140|1767209340|1.17320|1.17320|13850042|2|1|0|1|0|||0|0
NormalTL_L_250|2|1767206580|1767207780|1.17300|1.17300|13850042|2|1|0|1|0|||0|0
NormalTL_L_272|2|1767203400|1767204600|1.17260|1.17260|13850042|2|1|0|1|0|||0|0
NormalTL_L_284|2|1767200521|1767201721|1.17220|1.17220|13850042|2|1|0|1|0|||0|0
NormalTL_L_296|2|1767198420|1767199620|1.17340|1.17340|13850042|2|1|0|1|0|||0|0
NormalTL_L_308|2|1767193620|1767194820|1.17500|1.17500|13850042|2|1|0|1|0|||0|0
NormalTL_L_326|2|1767182700|1767183900|1.17300|1.17300|13850042|2|1|0|1|0|||0|0
NormalTL_L_336|2|1767177960|1767179160|1.17220|1.17220|13850042|2|1|0|1|0|||0|0
NormalTL_L_346|2|1767173160|1767174360|1.17300|1.17300|13850042|2|1|0|1|0|||0|0
NormalTL_L_386|2|1767116520|1767117720|1.17460|1.17460|13850042|2|1|0|1|0|||0|0
NormalTL_L_39|2|1767587880|1767589080|1.16840|1.16840|13850042|2|1|0|1|0|||0|0
NormalTL_L_412|2|1767108600|1767109800|1.17580|1.17580|13850042|2|1|0|1|0|||0|0
NormalTL_L_419|2|1767107100|1767108300|1.17560|1.17560|13850042|2|1|0|1|0|||0|0
NormalTL_L_434|2|1767095580|1767096780|1.17700|1.17700|13850042|2|1|0|1|0|||0|0
NormalTL_L_442|2|1767091980|1767093180|1.17660|1.17660|13850042|2|1|0|1|0|||0|0
NormalTL_L_450|2|1767089040|1767090240|1.17660|1.17660|13850042|2|1|0|1|0|||0|0
NormalTL_L_473|2|1767053100|1767054300|1.17640|1.17640|13850042|2|1|0|1|0|||0|0
NormalTL_L_496|2|1767033000|1767034200|1.17540|1.17540|13850042|2|1|0|1|0|||0|0
NormalTL_L_520|2|1767029700|1767030900|1.17740|1.17740|13850042|2|1|0|1|0|||0|0
NormalTL_L_526|2|1767028560|1767029760|1.17780|1.17780|13850042|2|1|0|1|0|||0|0
NormalTL_L_551|2|1767019440|1767020640|1.17560|1.17560|13850042|2|1|0|1|0|||0|0
NormalTL_L_564|2|1767013920|1767015120|1.17580|1.17580|13850042|2|1|0|1|0|||0|0
NormalTL_L_578|2|1767008940|1767010140|1.17740|1.17740|13850042|2|1|0|1|0|||0|0
NormalTL_L_591|2|1767006300|1767007500|1.17720|1.17720|13850042|2|1|0|1|0|||0|0
NormalTL_L_609|2|1767002460|1767003660|1.17720|1.17720|13850042|2|1|0|1|0|||0|0
NormalTL_L_616|2|1766999100|1767000300|1.17660|1.17660|13850042|2|1|0|1|0|||0|0
NormalTL_L_628|2|1766992560|1766993760|1.17540|1.17540|13850042|2|1|0|1|0|||0|0
NormalTL_L_667|2|1766966402|1766967602|1.17600|1.17600|13850042|2|1|0|1|0|||0|0
NormalTL_L_68|2|1767574920|1767576120|1.17020|1.17020|13850042|2|1|0|1|0|||0|0
NormalTL_L_686|2|1766777340|1766778540|1.17620|1.17620|13850042|2|1|0|1|0|||0|0
NormalTL_L_699|2|1766771642|1766772842|1.17720|1.17720|13850042|2|1|0|1|0|||0|0
NormalTL_L_712|2|1766767500|1766768700|1.17820|1.17820|13850042|2|1|0|1|0|||0|0
NormalTL_L_721|2|1766762280|1766763480|1.17880|1.17880|13850042|2|1|0|1|0|||0|0
NormalTL_L_732|2|1766756940|1766758140|1.17740|1.17740|13850042|2|1|0|1|0|||0|0
NormalTL_L_742|2|1766747700|1766748900|1.17700|1.17700|13850042|2|1|0|1|0|||0|0
NormalTL_L_749|2|1766743260|1766744460|1.17680|1.17680|13850042|2|1|0|1|0|||0|0
NormalTL_L_757|2|1766738520|1766739720|1.17720|1.17720|13850042|2|1|0|1|0|||0|0
NormalTL_L_773|2|1766721000|1766722200|1.17840|1.17840|13850042|2|1|0|1|0|||0|0
NormalTL_L_786|2|1766714460|1766715660|1.17780|1.17780|13850042|2|1|0|1|0|||0|0
NormalTL_L_79|2|1767393900|1767395100|1.17160|1.17160|13850042|2|1|0|1|0|||0|0
NormalTL_L_795|2|1766708460|1766709660|1.17760|1.17760|13850042|2|1|0|1|0|||0|0
NormalTL_L_802|2|1766606160|1766607360|1.17740|1.17740|13850042|2|1|0|1|0|||0|0
NormalTL_L_810|2|1766600220|1766601420|1.17740|1.17740|13850042|2|1|0|1|0|||0|0
NormalTL_L_827|2|1766589840|1766591040|1.17840|1.17840|13850042|2|1|0|1|0|||0|0
NormalTL_L_83|2|1767391560|1767392760|1.17160|1.17160|13850042|2|1|0|1|0|||0|0
NormalTL_L_831|2|1766587260|1766588460|1.17840|1.17840|13850042|2|1|0|1|0|||0|0
NormalTL_L_839|2|1766580300|1766581500|1.17920|1.17920|13850042|2|1|0|1|0|||0|0
NormalTL_L_853|2|1766571300|1766572500|1.17800|1.17800|13850042|2|1|0|1|0|||0|0
NormalTL_L_878|2|1766554980|1766556180|1.17860|1.17860|13850042|2|1|0|1|0|||0|0
NormalTL_L_895|2|1766542860|1766544060|1.17920|1.17920|13850042|2|1|0|1|0|||0|0
NormalTL_L_905|2|1766534405|1766535605|1.17800|1.17800|13850042|2|1|0|1|0|||0|0
NormalTL_L_941|2|1766511840|1766513040|1.17640|1.17640|13850042|2|1|0|1|0|||0|0
NormalTL_L_951|2|1766508720|1766509920|1.17680|1.17680|13850042|2|1|0|1|0|||0|0
NormalTL_L_973|2|1766503803|1766505003|1.17800|1.17800|13850042|2|1|0|1|0|||0|0
NormalTL_L_980|2|1766502240|1766503440|1.17860|1.17860|13850042|2|1|0|1|0|||0|0
SpecialRect_H_174|16|1767352080|1767354960|1.17360|1.17340|3329434|1|0|0|1|0|||0|0
SpecialRect_H_432|16|1767096360|1767099240|1.17760|1.17740|3329434|1|0|0|1|0|||0|0
SpecialRect_H_459|16|1767076920|1767079800|1.17780|1.17760|3329434|1|0|0|1|0|||0|0
SpecialRect_H_57|16|1767578580|1767581460|1.17100|1.17080|3329434|1|0|0|1|0|||0|0
SpecialRect_H_746|16|1766744580|1766747460|1.17760|1.17740|3329434|1|0|0|1|0|||0|0
SpecialRect_H_799|16|1766610900|1766613780|1.17820|1.17800|3329434|1|0|0|1|0|||0|0
SpecialRect_H_807|16|1766601480|1766604360|1.17820|1.17800|3329434|1|0|0|1|0|||0|0
SpecialRect_H_825|16|1766590260|1766593140|1.17900|1.17880|3329434|1|0|0|1|0|||0|0
SpecialRect_H_844|16|1766573760|1766576640|1.18000|1.17980|3329434|1|0|0|1|0|||0|0
SpecialRect_L_30|16|1767590641|1767593521|1.16760|1.16740|12695295|1|0|0|1|0|||0|0
SpecialRect_L_400|16|1767110520|1767113400|1.17600|1.17580|12695295|1|0|0|1|0|||0|0
SpecialRect_L_408|16|1767109260|1767112140|1.17600|1.17580|12695295|1|0|0|1|0|||0|0
SpecialRect_L_490|16|1767034980|1767037860|1.17520|1.17500|12695295|1|0|0|1|0|||0|0
SpecialRect_L_61|16|1767576660|1767579540|1.17060|1.17040|12695295|1|0|0|1|0|||0|0
SpecialRect_L_7|16|1767606980|1767609860|1.16860|1.16840|12695295|1|0|0|1|0|||0|0
SpecialRect_L_779|16|1766717700|1766720580|1.17860|1.17840|12695295|1|0|0|1|0|||0|0
SpecialRect_L_91|16|1767386160|1767389040|1.17180|1.17160|12695295|1|0|0|1|0|||0|0
SpecialRect_L_926|16|1766517600|1766520480|1.17720|1.17700|12695295|1|0|0|1|0|||0|0
SpecialRect_L_960|16|1766506620|1766509500|1.17720|1.17700|12695295|1|0|0|1|0|||0|0
SpecialRect_L_992|16|1766494920|1766497800|1.17960|1.17940|12695295|1|0|0|1|0|||0|0
TargetLine_B_100|2|1767381840|1767382440|1.17400|1.17400|3329330|1|2|0|1|0|||0|0
TargetLine_B_1003|2|1766489340|1766489940|1.17900|1.17900|3329330|1|2|0|1|0|||0|0
TargetLine_B_1011|2|1766485260|1766485860|1.17860|1.17860|3329330|1|2|0|1|0|||0|0
TargetLine_B_102|2|1767380940|1767381540|1.17400|1.17400|3329330|1|2|0|1|0|||0|0
TargetLine_B_109|2|1767377820|1767378420|1.17500|1.17500|3329330|1|2|0|1|0|||0|0
TargetLine_B_11|2|1767605520|1767606120|1.16940|1.16940|3329330|1|2|0|1|0|||0|0
TargetLine_B_121|2|1767375960|1767376560|1.17460|1.17460|3329330|1|2|0|1|0|||0|0
TargetLine_B_126|2|1767374700|1767375300|1.17400|1.17400|3329330|1|2|0|1|0|||0|0
TargetLine_B_131|2|1767372720|1767373320|1.17340|1.17340|3329330|1|2|0|1|0|||0|0
TargetLine_B_138|2|1767370680|1767371280|1.17240|1.17240|3329330|1|2|0|1|0|||0|0
TargetLine_B_145|2|1767366540|1767367140|1.17300|1.17300|3329330|1|2|0|1|0|||0|0
TargetLine_B_147|2|1767365700|1767366300|1.17300|1.17300|3329330|1|2|0|1|0|||0|0
TargetLine_B_15|2|1767604440|1767605040|1.16940|1.16940|3329330|1|2|0|1|0|||0|0
TargetLine_B_152|2|1767361021|1767361621|1.17240|1.17240|3329330|1|2|0|1|0|||0|0
TargetLine_B_156|2|1767360120|1767360720|1.17240|1.17240|3329330|1|2|0|1|0|||0|0
TargetLine_B_161|2|1767356340|1767356940|1.17220|1.17220|3329330|1|2|0|1|0|||0|0
TargetLine_B_172|2|1767352380|1767352980|1.17400|1.17400|3329330|1|2|0|1|0|||0|0
TargetLine_B_177|2|1767350760|1767351360|1.17340|1.17340|3329330|1|2|0|1|0|||0|0
TargetLine_B_180|2|1767349680|1767350280|1.17320|1.17320|3329330|1|2|0|1|0|||0|0
TargetLine_B_186|2|1767348181|1767348781|1.17400|1.17400|3329330|1|2|0|1|0|||0|0
TargetLine_B_189|2|1767348000|1767348600|1.17420|1.17420|3329330|1|2|0|1|0|||0|0
TargetLine_B_191|2|1767347280|1767347880|1.17420|1.17420|3329330|1|2|0|1|0|||0|0
TargetLine_B_193|2|1767346380|1767346980|1.17420|1.17420|3329330|1|2|0|1|0|||0|0
TargetLine_B_199|2|1767342660|1767343260|1.17500|1.17500|3329330|1|2|0|1|0|||0|0
TargetLine_B_20|2|1767600420|1767601020|1.16880|1.16880|3329330|1|2|0|1|0|||0|0
TargetLine_B_220|2|1767312062|1767312662|1.17480|1.17480|3329330|1|2|0|1|0|||0|0
TargetLine_B_233|2|1767214500|1767215100|1.17420|1.17420|3329330|1|2|0|1|0|||0|0
TargetLine_B_236|2|1767211440|1767212040|1.17400|1.17400|3329330|1|2|0|1|0|||0|0
TargetLine_B_240|2|1767210960|1767211560|1.17400|1.17400|3329330|1|2|0|1|0|||0|0
TargetLine_B_244|2|1767208260|1767208860|1.17400|1.17400|3329330|1|2|0|1|0|||0|0
TargetLine_B_249|2|1767206820|1767207420|1.17380|1.17380|3329330|1|2|0|1|0|||0|0
TargetLine_B_253|2|1767206160|1767206760|1.17420|1.17420|3329330|1|2|0|1|0|||0|0
TargetLine_B_258|2|1767205320|1767205920|1.17480|1.17480|3329330|1|2|0|1|0|||0|0
TargetLine_B_27|2|1767594600|1767595200|1.16820|1.16820|3329330|1|2|0|1|0|||0|0
TargetLine_B_271|2|1767203401|1767204001|1.17340|1.17340|3329330|1|2|0|1|0|||0|0
TargetLine_B_283|2|1767201060|1767201660|1.17300|1.17300|3329330|1|2|0|1|0|||0|0
TargetLine_B_288|2|1767199860|1767200460|1.17360|1.17360|3329330|1|2|0|1|0|||0|0
TargetLine_B_29|2|1767590642|1767591242|1.16820|1.16820|3329330|1|2|0|1|0|||0|0
TargetLine_B_295|2|1767198600|1767199200|1.17420|1.17420|3329330|1|2|0|1|0|||0|0
TargetLine_B_307|2|1767193800|1767194400|1.17580|1.17580|3329330|1|2|0|1|0|||0|0
TargetLine_B_319|2|1767186060|1767186660|1.17460|1.17460|3329330|1|2|0|1|0|||0|0
TargetLine_B_325|2|1767183000|1767183600|1.17380|1.17380|3329330|1|2|0|1|0|||0|0
TargetLine_B_335|2|1767178320|1767178920|1.17300|1.17300|3329330|1|2|0|1|0|||0|0
TargetLine_B_345|2|1767173460|1767174060|1.17380|1.17380|3329330|1|2|0|1|0|||0|0
TargetLine_B_349|2|1767168720|1767169320|1.17420|1.17420|3329330|1|2|0|1|0|||0|0
TargetLine_B_351|2|1767163860|1767164460|1.17420|1.17420|3329330|1|2|0|1|0|||0|0
TargetLine_B_358|2|1767142800|1767143400|1.17520|1.17520|3329330|1|2|0|1|0|||0|0
TargetLine_B_360|2|1767139200|1767139800|1.17520|1.17520|3329330|1|2|0|1|0|||0|0
TargetLine_B_362|2|1767135420|1767136020|1.17520|1.17520|3329330|1|2|0|1|0|||0|0
TargetLine_B_365|2|1767131640|1767132240|1.17540|1.17540|3329330|1|2|0|1|0|||0|0
TargetLine_B_368|2|1767128520|1767129120|1.17560|1.17560|3329330|1|2|0|1|0|||0|0
TargetLine_B_38|2|1767588300|1767588900|1.16920|1.16920|3329330|1|2|0|1|0|||0|0
TargetLine_B_385|2|1767116580|1767117180|1.17540|1.17540|3329330|1|2|0|1|0|||0|0
TargetLine_B_397|2|1767111120|1767111720|1.17660|1.17660|3329330|1|2|0|1|0|||0|0
TargetLine_B_399|2|1767110580|1767111180|1.17660|1.17660|3329330|1|2|0|1|0|||0|0
TargetLine_B_4|2|1767607754|1767608354|1.16920|1.16920|3329330|1|2|0|1|0|||0|0
TargetLine_B_405|2|1767109680|1767110280|1.17660|1.17660|3329330|1|2|0|1|0|||0|0
TargetLine_B_407|2|1767109261|1767109861|1.17660|1.17660|3329330|1|2|0|1|0|||0|0
TargetLine_B_411|2|1767108601|1767109201|1.17660|1.17660|3329330|1|2|0|1|0|||0|0
TargetLine_B_418|2|1767107400|1767108000|1.17640|1.17640|3329330|1|2|0|1|0|||0|0
TargetLine_B_424|2|1767103440|1767104040|1.17720|1.17720|3329330|1|2|0|1|0|||0|0
TargetLine_B_430|2|1767099720|1767100320|1.17800|1.17800|3329330|1|2|0|1|0|||0|0
TargetLine_B_433|2|1767095880|1767096480|1.17780|1.17780|3329330|1|2|0|1|0|||0|0
TargetLine_B_441|2|1767092400|1767093000|1.17740|1.17740|3329330|1|2|0|1|0|||0|0
TargetLine_B_446|2|1767090180|1767090780|1.17760|1.17760|3329330|1|2|0|1|0|||0|0
TargetLine_B_449|2|1767089220|1767089820|1.17740|1.17740|3329330|1|2|0|1|0|||0|0
TargetLine_B_452|2|1767086520|1767087120|1.17760|1.17760|3329330|1|2|0|1|0|||0|0
TargetLine_B_457|2|1767080700|1767081300|1.17820|1.17820|3329330|1|2|0|1|0|||0|0
TargetLine_B_460|2|1767074400|1767075000|1.17800|1.17800|3329330|1|2|0|1|0|||0|0
TargetLine_B_462|2|1767067920|1767068520|1.17800|1.17800|3329330|1|2|0|1|0|||0|0
TargetLine_B_465|2|1767064140|1767064740|1.17780|1.17780|3329330|1|2|0|1|0|||0|0
TargetLine_B_469|2|1767056100|1767056700|1.17740|1.17740|3329330|1|2|0|1|0|||0|0
TargetLine_B_472|2|1767053101|1767053701|1.17720|1.17720|3329330|1|2|0|1|0|||0|0
TargetLine_B_487|2|1767037980|1767038580|1.17580|1.17580|3329330|1|2|0|1|0|||0|0
TargetLine_B_489|2|1767036300|1767036900|1.17580|1.17580|3329330|1|2|0|1|0|||0|0
TargetLine_B_49|2|1767583620|1767584220|1.17100|1.17100|3329330|1|2|0|1|0|||0|0
TargetLine_B_495|2|1767033060|1767033660|1.17620|1.17620|3329330|1|2|0|1|0|||0|0
TargetLine_B_502|2|1767031260|1767031860|1.17720|1.17720|3329330|1|2|0|1|0|||0|0
TargetLine_B_51|2|1767582240|1767582840|1.17100|1.17100|3329330|1|2|0|1|0|||0|0
TargetLine_B_514|2|1767030480|1767031080|1.17880|1.17880|3329330|1|2|0|1|0|||0|0
TargetLine_B_519|2|1767029880|1767030480|1.17820|1.17820|3329330|1|2|0|1|0|||0|0
TargetLine_B_525|2|1767028920|1767029520|1.17860|1.17860|3329330|1|2|0|1|0|||0|0
TargetLine_B_529|2|1767027240|1767027840|1.17900|1.17900|3329330|1|2|0|1|0|||0|0
TargetLine_B_540|2|1767024360|1767024960|1.17760|1.17760|3329330|1|2|0|1|0|||0|0
TargetLine_B_545|2|1767021960|1767022560|1.17700|1.17700|3329330|1|2|0|1|0|||0|0
TargetLine_B_55|2|1767579300|1767579900|1.17140|1.17140|3329330|1|2|0|1|0|||0|0
TargetLine_B_550|2|1767019500|1767020100|1.17640|1.17640|3329330|1|2|0|1|0|||0|0
TargetLine_B_553|2|1767018300|1767018900|1.17660|1.17660|3329330|1|2|0|1|0|||0|0
TargetLine_B_563|2|1767014100|1767014700|1.17660|1.17660|3329330|1|2|0|1|0|||0|0
TargetLine_B_573|2|1767012300|1767012900|1.17820|1.17820|3329330|1|2|0|1|0|||0|0
TargetLine_B_577|2|1767010080|1767010680|1.17820|1.17820|3329330|1|2|0|1|0|||0|0
TargetLine_B_58|2|1767578040|1767578640|1.17120|1.17120|3329330|1|2|0|1|0|||0|0
TargetLine_B_590|2|1767006420|1767007020|1.17800|1.17800|3329330|1|2|0|1|0|||0|0
TargetLine_B_597|2|1767005761|1767006361|1.17900|1.17900|3329330|1|2|0|1|0|||0|0
TargetLine_B_6|2|1767607095|1767607695|1.16920|1.16920|3329330|1|2|0|1|0|||0|0
TargetLine_B_60|2|1767577320|1767577920|1.17120|1.17120|3329330|1|2|0|1|0|||0|0
TargetLine_B_605|2|1767004200|1767004800|1.17820|1.17820|3329330|1|2|0|1|0|||0|0
TargetLine_B_608|2|1767002520|1767003120|1.17800|1.17800|3329330|1|2|0|1|0|||0|0
TargetLine_B_615|2|1766999400|1767000000|1.17740|1.17740|3329330|1|2|0|1|0|||0|0
TargetLine_B_624|2|1766995680|1766996280|1.17640|1.17640|3329330|1|2|0|1|0|||0|0
TargetLine_B_627|2|1766993100|1766993700|1.17620|1.17620|3329330|1|2|0|1|0|||0|0
TargetLine_B_638|2|1766986140|1766986740|1.17800|1.17800|3329330|1|2|0|1|0|||0|0
TargetLine_B_646|2|1766976240|1766976840|1.17880|1.17880|3329330|1|2|0|1|0|||0|0
TargetLine_B_652|2|1766974920|1766975520|1.17800|1.17800|3329330|1|2|0|1|0|||0|0
TargetLine_B_654|2|1766973420|1766974020|1.17800|1.17800|3329330|1|2|0|1|0|||0|0
TargetLine_B_660|2|1766968080|1766968680|1.17720|1.17720|3329330|1|2|0|1|0|||0|0
TargetLine_B_662|2|1766967720|1766968320|1.17720|1.17720|3329330|1|2|0|1|0|||0|0
TargetLine_B_666|2|1766966403|1766967003|1.17680|1.17680|3329330|1|2|0|1|0|||0|0
TargetLine_B_67|2|1767574921|1767575521|1.17100|1.17100|3329330|1|2|0|1|0|||0|0
TargetLine_B_671|2|1766792520|1766793120|1.17740|1.17740|3329330|1|2|0|1|0|||0|0
TargetLine_B_685|2|1766777580|1766778180|1.17700|1.17700|3329330|1|2|0|1|0|||0|0
TargetLine_B_688|2|1766776500|1766777100|1.17720|1.17720|3329330|1|2|0|1|0|||0|0
TargetLine_B_690|2|1766773440|1766774040|1.17720|1.17720|3329330|1|2|0|1|0|||0|0
TargetLine_B_698|2|1766771700|1766772300|1.17800|1.17800|3329330|1|2|0|1|0|||0|0
TargetLine_B_711|2|1766767740|1766768340|1.17900|1.17900|3329330|1|2|0|1|0|||0|0
TargetLine_B_720|2|1766762580|1766763180|1.17960|1.17960|3329330|1|2|0|1|0|||0|0
TargetLine_B_731|2|1766758800|1766759400|1.17820|1.17820|3329330|1|2|0|1|0|||0|0
TargetLine_B_737|2|1766753940|1766754540|1.17820|1.17820|3329330|1|2|0|1|0|||0|0
TargetLine_B_741|2|1766747820|1766748420|1.17780|1.17780|3329330|1|2|0|1|0|||0|0
TargetLine_B_744|2|1766745780|1766746380|1.17800|1.17800|3329330|1|2|0|1|0|||0|0
TargetLine_B_748|2|1766743320|1766743920|1.17760|1.17760|3329330|1|2|0|1|0|||0|0
TargetLine_B_752|2|1766740920|1766741520|1.17800|1.17800|3329330|1|2|0|1|0|||0|0
TargetLine_B_756|2|1766738580|1766739180|1.17800|1.17800|3329330|1|2|0|1|0|||0|0
TargetLine_B_763|2|1766732580|1766733180|1.17900|1.17900|3329330|1|2|0|1|0|||0|0
TargetLine_B_765|2|1766729640|1766730240|1.17900|1.17900|3329330|1|2|0|1|0|||0|0
TargetLine_B_772|2|1766723100|1766723700|1.17920|1.17920|3329330|1|2|0|1|0|||0|0
TargetLine_B_776|2|1766718780|1766719380|1.17920|1.17920|3329330|1|2|0|1|0|||0|0
TargetLine_B_778|2|1766718120|1766718720|1.17920|1.17920|3329330|1|2|0|1|0|||0|0
TargetLine_B_78|2|1767394560|1767395160|1.17240|1.17240|3329330|1|2|0|1|0|||0|0
TargetLine_B_785|2|1766714820|1766715420|1.17860|1.17860|3329330|1|2|0|1|0|||0|0
TargetLine_B_789|2|1766712840|1766713440|1.17860|1.17860|3329330|1|2|0|1|0|||0|0
TargetLine_B_791|2|1766710800|1766711400|1.17860|1.17860|3329330|1|2|0|1|0|||0|0
TargetLine_B_794|2|1766708461|1766709061|1.17840|1.17840|3329330|1|2|0|1|0|||0|0
TargetLine_B_797|2|1766617260|1766617860|1.17860|1.17860|3329330|1|2|0|1|0|||0|0
TargetLine_B_801|2|1766606280|1766606880|1.17820|1.17820|3329330|1|2|0|1|0|||0|0
TargetLine_B_805|2|1766603880|1766604480|1.17860|1.17860|3329330|1|2|0|1|0|||0|0
TargetLine_B_809|2|1766600760|1766601360|1.17820|1.17820|3329330|1|2|0|1|0|||0|0
TargetLine_B_812|2|1766598720|1766599320|1.17840|1.17840|3329330|1|2|0|1|0|||0|0
TargetLine_B_815|2|1766595660|1766596260|1.17860|1.17860|3329330|1|2|0|1|0|||0|0
TargetLine_B_817|2|1766595300|1766595900|1.17860|1.17860|3329330|1|2|0|1|0|||0|0
TargetLine_B_82|2|1767391561|1767392161|1.17240|1.17240|3329330|1|2|0|1|0|||0|0
TargetLine_B_823|2|1766590620|1766591220|1.17940|1.17940|3329330|1|2|0|1|0|||0|0
TargetLine_B_826|2|1766590200|1766590800|1.17920|1.17920|3329330|1|2|0|1|0|||0|0
TargetLine_B_830|2|1766588340|1766588940|1.17920|1.17920|3329330|1|2|0|1|0|||0|0
TargetLine_B_838|2|1766580301|1766580901|1.18000|1.18000|3329330|1|2|0|1|0|||0|0
TargetLine_B_842|2|1766575740|1766576340|1.18040|1.18040|3329330|1|2|0|1|0|||0|0
TargetLine_B_852|2|1766571540|1766572140|1.17880|1.17880|3329330|1|2|0|1|0|||0|0
TargetLine_B_857|2|1766570760|1766571360|1.17940|1.17940|3329330|1|2|0|1|0|||0|0
TargetLine_B_860|2|1766569680|1766570280|1.17960|1.17960|3329330|1|2|0|1|0|||0|0
TargetLine_B_869|2|1766564760|1766565360|1.18060|1.18060|3329330|1|2|0|1|0|||0|0
TargetLine_B_877|2|1766556840|1766557440|1.17940|1.17940|3329330|1|2|0|1|0|||0|0
TargetLine_B_88|2|1767387960|1767388560|1.17240|1.17240|3329330|1|2|0|1|0|||0|0
TargetLine_B_894|2|1766543100|1766543700|1.18000|1.18000|3329330|1|2|0|1|0|||0|0
TargetLine_B_9|2|1767606180|1767606780|1.16940|1.16940|3329330|1|2|0|1|0|||0|0
TargetLine_B_90|2|1767386760|1767387360|1.17240|1.17240|3329330|1|2|0|1|0|||0|0
TargetLine_B_904|2|1766534406|1766535006|1.17880|1.17880|3329330|1|2|0|1|0|||0|0
TargetLine_B_923|2|1766519460|1766520060|1.17780|1.17780|3329330|1|2|0|1|0|||0|0
TargetLine_B_925|2|1766518380|1766518980|1.17780|1.17780|3329330|1|2|0|1|0|||0|0
TargetLine_B_931|2|1766514660|1766515260|1.17820|1.17820|3329330|1|2|0|1|0|||0|0
TargetLine_B_937|2|1766512260|1766512860|1.17740|1.17740|3329330|1|2|0|1|0|||0|0
TargetLine_B_940|2|1766511960|1766512560|1.17720|1.17720|3329330|1|2|0|1|0|||0|0
TargetLine_B_950|2|1766509200|1766509800|1.17760|1.17760|3329330|1|2|0|1|0|||0|0
TargetLine_B_957|2|1766507760|1766508360|1.17780|1.17780|3329330|1|2|0|1|0|||0|0
TargetLine_B_959|2|1766506740|1766507340|1.17780|1.17780|3329330|1|2|0|1|0|||0|0
TargetLine_B_963|2|1766505600|1766506200|1.17820|1.17820|3329330|1|2|0|1|0|||0|0
TargetLine_B_972|2|1766503860|1766504460|1.17880|1.17880|3329330|1|2|0|1|0|||0|0
TargetLine_B_979|2|1766502420|1766503020|1.17940|1.17940|3329330|1|2|0|1|0|||0|0
TargetLine_B_989|2|1766497920|1766498520|1.18020|1.18020|3329330|1|2|0|1|0|||0|0
TargetLine_B_991|2|1766496060|1766496660|1.18020|1.18020|3329330|1|2|0|1|0|||0|0
TargetLine_B_996|2|1766492460|1766493060|1.18000|1.18000|3329330|1|2|0|1|0|||0|0
TargetLine_S_10|2|1767606000|1767606600|1.16820|1.16820|255|1|2|0|1|0|||0|0
TargetLine_S_1006|2|1766488440|1766489040|1.17820|1.17820|255|1|2|0|1|0|||0|0
TargetLine_S_101|2|1767381720|1767382320|1.17280|1.17280|255|1|2|0|1|0|||0|0
TargetLine_S_1012|2|1766484678|1766485278|1.17740|1.17740|255|1|2|0|1|0|||0|0
TargetLine_S_108|2|1767378180|1767378780|1.17380|1.17380|255|1|2|0|1|0|||0|0
TargetLine_S_114|2|1767376980|1767377580|1.17460|1.17460|255|1|2|0|1|0|||0|0
TargetLine_S_122|2|1767375660|1767376260|1.17340|1.17340|255|1|2|0|1|0|||0|0
TargetLine_S_127|2|1767373620|1767374220|1.17280|1.17280|255|1|2|0|1|0|||0|0
TargetLine_S_13|2|1767604920|1767605520|1.16840|1.16840|255|1|2|0|1|0|||0|0
TargetLine_S_132|2|1767372420|1767373020|1.17220|1.17220|255|1|2|0|1|0|||0|0
TargetLine_S_143|2|1767367380|1767367980|1.17200|1.17200|255|1|2|0|1|0|||0|0
TargetLine_S_146|2|1767366240|1767366840|1.17180|1.17180|255|1|2|0|1|0|||0|0
TargetLine_S_148|2|1767364800|1767365400|1.17180|1.17180|255|1|2|0|1|0|||0|0
TargetLine_S_154|2|1767360660|1767361260|1.17140|1.17140|255|1|2|0|1|0|||0|0
TargetLine_S_158|2|1767358560|1767359160|1.17140|1.17140|255|1|2|0|1|0|||0|0
TargetLine_S_16|2|1767602100|1767602700|1.16820|1.16820|255|1|2|0|1|0|||0|0
TargetLine_S_171|2|1767352680|1767353280|1.17280|1.17280|255|1|2|0|1|0|||0|0
TargetLine_S_173|2|1767352140|1767352740|1.17280|1.17280|255|1|2|0|1|0|||0|0
TargetLine_S_178|2|1767350100|1767350700|1.17220|1.17220|255|1|2|0|1|0|||0|0
TargetLine_S_185|2|1767348660|1767349260|1.17280|1.17280|255|1|2|0|1|0|||0|0
TargetLine_S_188|2|1767348120|1767348720|1.17300|1.17300|255|1|2|0|1|0|||0|0
TargetLine_S_190|2|1767347760|1767348360|1.17300|1.17300|255|1|2|0|1|0|||0|0
TargetLine_S_192|2|1767346740|1767347340|1.17300|1.17300|255|1|2|0|1|0|||0|0
TargetLine_S_198|2|1767345600|1767346200|1.17380|1.17380|255|1|2|0|1|0|||0|0
TargetLine_S_209|2|1767333060|1767333660|1.17560|1.17560|255|1|2|0|1|0|||0|0
TargetLine_S_22|2|1767599820|1767600420|1.16780|1.16780|255|1|2|0|1|0|||0|0
TargetLine_S_225|2|1767221880|1767222480|1.17440|1.17440|255|1|2|0|1|0|||0|0
TargetLine_S_234|2|1767213120|1767213720|1.17300|1.17300|255|1|2|0|1|0|||0|0
TargetLine_S_238|2|1767211200|1767211800|1.17300|1.17300|255|1|2|0|1|0|||0|0
TargetLine_S_242|2|1767210600|1767211200|1.17300|1.17300|255|1|2|0|1|0|||0|0
TargetLine_S_246|2|1767207900|1767208500|1.17300|1.17300|255|1|2|0|1|0|||0|0
TargetLine_S_252|2|1767206340|1767206940|1.17300|1.17300|255|1|2|0|1|0|||0|0
TargetLine_S_257|2|1767205500|1767206100|1.17360|1.17360|255|1|2|0|1|0|||0|0
TargetLine_S_261|2|1767204180|1767204780|1.17400|1.17400|255|1|2|0|1|0|||0|0
TargetLine_S_276|2|1767202560|1767203160|1.17300|1.17300|255|1|2|0|1|0|||0|0
TargetLine_S_28|2|1767592260|1767592860|1.16700|1.16700|255|1|2|0|1|0|||0|0
TargetLine_S_287|2|1767200100|1767200700|1.17240|1.17240|255|1|2|0|1|0|||0|0
TargetLine_S_293|2|1767198720|1767199320|1.17320|1.17320|255|1|2|0|1|0|||0|0
TargetLine_S_305|2|1767194520|1767195120|1.17480|1.17480|255|1|2|0|1|0|||0|0
TargetLine_S_310|2|1767192900|1767193500|1.17500|1.17500|255|1|2|0|1|0|||0|0
TargetLine_S_320|2|1767185280|1767185880|1.17340|1.17340|255|1|2|0|1|0|||0|0
TargetLine_S_328|2|1767181200|1767181800|1.17300|1.17300|255|1|2|0|1|0|||0|0
TargetLine_S_342|2|1767174180|1767174780|1.17300|1.17300|255|1|2|0|1|0|||0|0
TargetLine_S_348|2|1767170160|1767170760|1.17300|1.17300|255|1|2|0|1|0|||0|0
TargetLine_S_350|2|1767167160|1767167760|1.17300|1.17300|255|1|2|0|1|0|||0|0
TargetLine_S_357|2|1767142860|1767143460|1.17400|1.17400|255|1|2|0|1|0|||0|0
TargetLine_S_359|2|1767140400|1767141000|1.17400|1.17400|255|1|2|0|1|0|||0|0
TargetLine_S_36|2|1767589200|1767589800|1.16820|1.16820|255|1|2|0|1|0|||0|0
TargetLine_S_361|2|1767136080|1767136680|1.17400|1.17400|255|1|2|0|1|0|||0|0
TargetLine_S_364|2|1767133320|1767133920|1.17420|1.17420|255|1|2|0|1|0|||0|0
TargetLine_S_367|2|1767129300|1767129900|1.17440|1.17440|255|1|2|0|1|0|||0|0
TargetLine_S_376|2|1767120540|1767121140|1.17580|1.17580|255|1|2|0|1|0|||0|0
TargetLine_S_394|2|1767114480|1767115080|1.17580|1.17580|255|1|2|0|1|0|||0|0
TargetLine_S_398|2|1767110640|1767111240|1.17540|1.17540|255|1|2|0|1|0|||0|0
TargetLine_S_402|2|1767109980|1767110580|1.17580|1.17580|255|1|2|0|1|0|||0|0
TargetLine_S_406|2|1767109440|1767110040|1.17540|1.17540|255|1|2|0|1|0|||0|0
TargetLine_S_409|2|1767108661|1767109261|1.17560|1.17560|255|1|2|0|1|0|||0|0
TargetLine_S_414|2|1767108001|1767108601|1.17580|1.17580|255|1|2|0|1|0|||0|0
TargetLine_S_423|2|1767105420|1767106020|1.17600|1.17600|255|1|2|0|1|0|||0|0
TargetLine_S_429|2|1767100080|1767100680|1.17680|1.17680|255|1|2|0|1|0|||0|0
TargetLine_S_431|2|1767096600|1767097200|1.17680|1.17680|255|1|2|0|1|0|||0|0
TargetLine_S_436|2|1767095160|1767095760|1.17700|1.17700|255|1|2|0|1|0|||0|0
TargetLine_S_444|2|1767091200|1767091800|1.17660|1.17660|255|1|2|0|1|0|||0|0
TargetLine_S_447|2|1767089880|1767090480|1.17640|1.17640|255|1|2|0|1|0|||0|0
TargetLine_S_451|2|1767088860|1767089460|1.17640|1.17640|255|1|2|0|1|0|||0|0
TargetLine_S_456|2|1767082560|1767083160|1.17700|1.17700|255|1|2|0|1|0|||0|0
TargetLine_S_458|2|1767078180|1767078780|1.17700|1.17700|255|1|2|0|1|0|||0|0
TargetLine_S_461|2|1767072660|1767073260|1.17680|1.17680|255|1|2|0|1|0|||0|0
TargetLine_S_463|2|1767067200|1767067800|1.17680|1.17680|255|1|2|0|1|0|||0|0
TargetLine_S_466|2|1767056820|1767057420|1.17660|1.17660|255|1|2|0|1|0|||0|0
TargetLine_S_470|2|1767055260|1767055860|1.17620|1.17620|255|1|2|0|1|0|||0|0
TargetLine_S_476|2|1767050340|1767050940|1.17660|1.17660|255|1|2|0|1|0|||0|0
TargetLine_S_48|2|1767584700|1767585300|1.16980|1.16980|255|1|2|0|1|0|||0|0
TargetLine_S_488|2|1767036720|1767037320|1.17460|1.17460|255|1|2|0|1|0|||0|0
TargetLine_S_493|2|1767033600|1767034200|1.17520|1.17520|255|1|2|0|1|0|||0|0
TargetLine_S_5|2|1767607557|1767608157|1.16800|1.16800|255|1|2|0|1|0|||0|0
TargetLine_S_50|2|1767582600|1767583200|1.16980|1.16980|255|1|2|0|1|0|||0|0
TargetLine_S_501|2|1767031320|1767031920|1.17600|1.17600|255|1|2|0|1|0|||0|0
TargetLine_S_512|2|1767030600|1767031200|1.17780|1.17780|255|1|2|0|1|0|||0|0
TargetLine_S_515|2|1767030300|1767030900|1.17760|1.17760|255|1|2|0|1|0|||0|0
TargetLine_S_523|2|1767029220|1767029820|1.17760|1.17760|255|1|2|0|1|0|||0|0
TargetLine_S_528|2|1767027660|1767028260|1.17780|1.17780|255|1|2|0|1|0|||0|0
TargetLine_S_531|2|1767026761|1767027361|1.17800|1.17800|255|1|2|0|1|0|||0|0
TargetLine_S_54|2|1767579720|1767580320|1.17020|1.17020|255|1|2|0|1|0|||0|0
TargetLine_S_541|2|1767023400|1767024000|1.17640|1.17640|255|1|2|0|1|0|||0|0
TargetLine_S_546|2|1767020820|1767021420|1.17580|1.17580|255|1|2|0|1|0|||0|0
TargetLine_S_552|2|1767018420|1767019020|1.17540|1.17540|255|1|2|0|1|0|||0|0
TargetLine_S_558|2|1767015840|1767016440|1.17620|1.17620|255|1|2|0|1|0|||0|0
TargetLine_S_56|2|1767579060|1767579660|1.17020|1.17020|255|1|2|0|1|0|||0|0
TargetLine_S_572|2|1767012600|1767013200|1.17700|1.17700|255|1|2|0|1|0|||0|0
TargetLine_S_575|2|1767010800|1767011400|1.17720|1.17720|255|1|2|0|1|0|||0|0
TargetLine_S_583|2|1767008400|1767009000|1.17800|1.17800|255|1|2|0|1|0|||0|0
TargetLine_S_59|2|1767577800|1767578400|1.17000|1.17000|255|1|2|0|1|0|||0|0
TargetLine_S_596|2|1767006000|1767006600|1.17780|1.17780|255|1|2|0|1|0|||0|0
TargetLine_S_599|2|1767005401|1767006001|1.17800|1.17800|255|1|2|0|1|0|||0|0
TargetLine_S_606|2|1767003600|1767004200|1.17700|1.17700|255|1|2|0|1|0|||0|0
TargetLine_S_610|2|1767002100|1767002700|1.17700|1.17700|255|1|2|0|1|0|||0|0
TargetLine_S_617|2|1766998860|1766999460|1.17640|1.17640|255|1|2|0|1|0|||0|0
TargetLine_S_625|2|1766995440|1766996040|1.17520|1.17520|255|1|2|0|1|0|||0|0
TargetLine_S_63|2|1767575280|1767575880|1.17040|1.17040|255|1|2|0|1|0|||0|0
TargetLine_S_637|2|1766986620|1766987220|1.17680|1.17680|255|1|2|0|1|0|||0|0
TargetLine_S_644|2|1766980020|1766980620|1.17780|1.17780|255|1|2|0|1|0|||0|0
TargetLine_S_647|2|1766976060|1766976660|1.17760|1.17760|255|1|2|0|1|0|||0|0
TargetLine_S_653|2|1766973900|1766974500|1.17680|1.17680|255|1|2|0|1|0|||0|0
TargetLine_S_655|2|1766970960|1766971560|1.17680|1.17680|255|1|2|0|1|0|||0|0
TargetLine_S_661|2|1766967960|1766968560|1.17600|1.17600|255|1|2|0|1|0|||0|0
TargetLine_S_663|2|1766967420|1766968020|1.17600|1.17600|255|1|2|0|1|0|||0|0
TargetLine_S_670|2|1766793300|1766793900|1.17620|1.17620|255|1|2|0|1|0|||0|0
TargetLine_S_677|2|1766788680|1766789280|1.17720|1.17720|255|1|2|0|1|0|||0|0
TargetLine_S_687|2|1766776920|1766777520|1.17600|1.17600|255|1|2|0|1|0|||0|0
TargetLine_S_689|2|1766776020|1766776620|1.17600|1.17600|255|1|2|0|1|0|||0|0
TargetLine_S_696|2|1766771821|1766772421|1.17700|1.17700|255|1|2|0|1|0|||0|0
TargetLine_S_707|2|1766769480|1766770080|1.17840|1.17840|255|1|2|0|1|0|||0|0
TargetLine_S_717|2|1766763900|1766764500|1.17880|1.17880|255|1|2|0|1|0|||0|0
TargetLine_S_722|2|1766762220|1766762820|1.17860|1.17860|255|1|2|0|1|0|||0|0
TargetLine_S_734|2|1766755440|1766756040|1.17740|1.17740|255|1|2|0|1|0|||0|0
TargetLine_S_738|2|1766751660|1766752260|1.17700|1.17700|255|1|2|0|1|0|||0|0
TargetLine_S_743|2|1766746200|1766746800|1.17680|1.17680|255|1|2|0|1|0|||0|0
TargetLine_S_745|2|1766744940|1766745540|1.17680|1.17680|255|1|2|0|1|0|||0|0
TargetLine_S_751|2|1766741760|1766742360|1.17680|1.17680|255|1|2|0|1|0|||0|0
TargetLine_S_754|2|1766739420|1766740020|1.17700|1.17700|255|1|2|0|1|0|||0|0
TargetLine_S_76|2|1767395280|1767395880|1.17140|1.17140|255|1|2|0|1|0|||0|0
TargetLine_S_762|2|1766735160|1766735760|1.17780|1.17780|255|1|2|0|1|0|||0|0
TargetLine_S_764|2|1766730840|1766731440|1.17780|1.17780|255|1|2|0|1|0|||0|0
TargetLine_S_769|2|1766723820|1766724420|1.17840|1.17840|255|1|2|0|1|0|||0|0
TargetLine_S_774|2|1766719860|1766720460|1.17820|1.17820|255|1|2|0|1|0|||0|0
TargetLine_S_777|2|1766718360|1766718960|1.17800|1.17800|255|1|2|0|1|0|||0|0
TargetLine_S_780|2|1766715960|1766716560|1.17820|1.17820|255|1|2|0|1|0|||0|0
TargetLine_S_787|2|1766713800|1766714400|1.17760|1.17760|255|1|2|0|1|0|||0|0
TargetLine_S_790|2|1766711760|1766712360|1.17740|1.17740|255|1|2|0|1|0|||0|0
TargetLine_S_792|2|1766708640|1766709240|1.17740|1.17740|255|1|2|0|1|0|||0|0
TargetLine_S_796|2|1766707680|1766708280|1.17740|1.17740|255|1|2|0|1|0|||0|0
TargetLine_S_798|2|1766613420|1766614020|1.17740|1.17740|255|1|2|0|1|0|||0|0
TargetLine_S_8|2|1767606861|1767607461|1.16820|1.16820|255|1|2|0|1|0|||0|0
TargetLine_S_80|2|1767393000|1767393600|1.17140|1.17140|255|1|2|0|1|0|||0|0
TargetLine_S_804|2|1766604660|1766605260|1.17740|1.17740|255|1|2|0|1|0|||0|0
TargetLine_S_806|2|1766603160|1766603760|1.17740|1.17740|255|1|2|0|1|0|||0|0
TargetLine_S_811|2|1766599320|1766599920|1.17720|1.17720|255|1|2|0|1|0|||0|0
TargetLine_S_814|2|1766596860|1766597460|1.17740|1.17740|255|1|2|0|1|0|||0|0
TargetLine_S_816|2|1766595480|1766596080|1.17740|1.17740|255|1|2|0|1|0|||0|0
TargetLine_S_822|2|1766591040|1766591640|1.17820|1.17820|255|1|2|0|1|0|||0|0
TargetLine_S_824|2|1766590380|1766590980|1.17820|1.17820|255|1|2|0|1|0|||0|0
TargetLine_S_828|2|1766589120|1766589720|1.17820|1.17820|255|1|2|0|1|0|||0|0
TargetLine_S_836|2|1766580720|1766581320|1.17900|1.17900|255|1|2|0|1|0|||0|0
TargetLine_S_841|2|1766577240|1766577840|1.17920|1.17920|255|1|2|0|1|0|||0|0
TargetLine_S_843|2|1766574180|1766574780|1.17920|1.17920|255|1|2|0|1|0|||0|0
TargetLine_S_85|2|1767391020|1767391620|1.17160|1.17160|255|1|2|0|1|0|||0|0
TargetLine_S_856|2|1766570880|1766571480|1.17820|1.17820|255|1|2|0|1|0|||0|0
TargetLine_S_859|2|1766569980|1766570580|1.17840|1.17840|255|1|2|0|1|0|||0|0
TargetLine_S_867|2|1766565720|1766566320|1.17960|1.17960|255|1|2|0|1|0|||0|0
TargetLine_S_870|2|1766562600|1766563200|1.17940|1.17940|255|1|2|0|1|0|||0|0
TargetLine_S_887|2|1766549100|1766549700|1.18000|1.18000|255|1|2|0|1|0|||0|0
TargetLine_S_89|2|1767387480|1767388080|1.17120|1.17120|255|1|2|0|1|0|||0|0
TargetLine_S_896|2|1766541840|1766542440|1.17900|1.17900|255|1|2|0|1|0|||0|0
TargetLine_S_911|2|1766533260|1766533860|1.17880|1.17880|255|1|2|0|1|0|||0|0
TargetLine_S_924|2|1766518740|1766519340|1.17660|1.17660|255|1|2|0|1|0|||0|0
TargetLine_S_929|2|1766515800|1766516400|1.17720|1.17720|255|1|2|0|1|0|||0|0
TargetLine_S_932|2|1766513940|1766514540|1.17700|1.17700|255|1|2|0|1|0|||0|0
TargetLine_S_938|2|1766512200|1766512800|1.17620|1.17620|255|1|2|0|1|0|||0|0
TargetLine_S_946|2|1766509740|1766510340|1.17700|1.17700|255|1|2|0|1|0|||0|0
TargetLine_S_954|2|1766507881|1766508481|1.17700|1.17700|255|1|2|0|1|0|||0|0
TargetLine_S_958|2|1766507340|1766507940|1.17660|1.17660|255|1|2|0|1|0|||0|0
TargetLine_S_962|2|1766505720|1766506320|1.17700|1.17700|255|1|2|0|1|0|||0|0
TargetLine_S_969|2|1766504280|1766504880|1.17800|1.17800|255|1|2|0|1|0|||0|0
TargetLine_S_977|2|1766503080|1766503680|1.17840|1.17840|255|1|2|0|1|0|||0|0
TargetLine_S_986|2|1766500320|1766500920|1.17940|1.17940|255|1|2|0|1|0|||0|0
TargetLine_S_99|2|1767382380|1767382980|1.17280|1.17280|255|1|2|0|1|0|||0|0
TargetLine_S_990|2|1766496480|1766497080|1.17900|1.17900|255|1|2|0|1|0|||0|0
TargetLine_S_993|2|1766494320|1766494920|1.17920|1.17920|255|1|2|0|1|0|||0|0
TargetLine_S_997|2|1766491380|1766491980|1.17880|1.17880|255|1|2|0|1|0|||0|0
ZZ_H_1007|21|1766487780|0|1.17900|0.00000|11119017|1|0|0|0|0|H||8|0|3|0|0|0
ZZ_H_115|21|1767376680|0|1.17540|0.00000|11119017|1|0|0|0|0|H||8|0|3|0|0|0
ZZ_H_14|21|1767604860|0|1.16920|0.00000|11119017|1|0|0|0|0|H||8|0|3|0|0|0
ZZ_H_144|21|1767366900|0|1.17280|0.00000|11119017|1|0|0|0|0|H||8|0|3|0|0|0
ZZ_H_155|21|1767360600|0|1.17220|0.00000|11119017|1|0|0|0|0|H||8|0|3|0|0|0
ZZ_H_159|21|1767358140|0|1.17220|0.00000|11119017|1|0|0|0|0|H||8|0|3|0|0|0
ZZ_H_174|21|1767352080|0|1.17360|0.00000|11119017|1|0|0|0|0|H*||8|0|3|0|0|0
ZZ_H_210|21|1767325800|0|1.17640|0.00000|11119017|1|0|0|0|0|H||8|0|3|0|0|0
ZZ_H_226|21|1767221760|0|1.17520|0.00000|11119017|1|0|0|0|0|H||8|0|3|0|0|0
ZZ_H_23|21|1767598320|0|1.16860|0.00000|11119017|1|0|0|0|0|H||8|0|3|0|0|0
ZZ_H_239|21|1767211140|0|1.17380|0.00000|11119017|1|0|0|0|0|H||8|0|3|0|0|0
ZZ_H_243|21|1767208560|0|1.17380|0.00000|11119017|1|0|0|0|0|H||8|0|3|0|0|0
ZZ_H_247|21|1767207840|0|1.17380|0.00000|11119017|1|0|0|0|0|H||8|0|3|0|0|0
ZZ_H_262|21|1767203880|0|1.17480|0.00000|11119017|1|0|0|0|0|H||8|0|3|0|0|0
ZZ_H_277|21|1767202500|0|1.17380|0.00000|11119017|1|0|0|0|0|H||8|0|3|0|0|0
ZZ_H_294|21|1767198660|0|1.17400|0.00000|11119017|1|0|0|0|0|H||8|0|3|0|0|0
ZZ_H_306|21|1767194280|0|1.17560|0.00000|11119017|1|0|0|0|0|H||8|0|3|0|0|0
ZZ_H_311|21|1767192720|0|1.17580|0.00000|11119017|1|0|0|0|0|H||8|0|3|0|0|0
ZZ_H_329|21|1767180960|0|1.17380|0.00000|11119017|1|0|0|0|0|H||8|0|3|0|0|0
ZZ_H_343|21|1767174060|0|1.17380|0.00000|11119017|1|0|0|0|0|H||8|0|3|0|0|0
ZZ_H_37|21|1767588840|0|1.16900|0.00000|11119017|1|0|0|0|0|H||8|0|3|0|0|0
ZZ_H_377|21|1767120060|0|1.17660|0.00000|11119017|1|0|0|0|0|H||8|0|3|0|0|0
ZZ_H_395|21|1767113760|0|1.17660|0.00000|11119017|1|0|0|0|0|H||8|0|3|0|0|0
ZZ_H_403|21|1767109800|0|1.17660|0.00000|11119017|1|0|0|0|0|H||8|0|3|0|0|0
ZZ_H_410|21|1767108660|0|1.17640|0.00000|11119017|1|0|0|0|0|H||8|0|3|0|0|0
ZZ_H_415|21|1767108000|0|1.17660|0.00000|11119017|1|0|0|0|0|H||8|0|3|0|0|0
ZZ_H_432|21|1767096360|0|1.17760|0.00000|11119017|1|0|0|0|0|H*||8|0|3|0|0|0
ZZ_H_437|21|1767094200|0|1.17780|0.00000|11119017|1|0|0|0|0|H||8|0|3|0|0|0
ZZ_H_445|21|1767090480|0|1.17740|0.00000|11119017|1|0|0|0|0|H||8|0|3|0|0|0
ZZ_H_459|21|1767076920|0|1.17780|0.00000|11119017|1|0|0|0|0|H*||8|0|3|0|0|0
ZZ_H_477|21|1767049320|0|1.17740|0.00000|11119017|1|0|0|0|0|H||8|0|3|0|0|0
ZZ_H_494|21|1767033540|0|1.17600|0.00000|11119017|1|0|0|0|0|H||8|0|3|0|0|0
ZZ_H_513|21|1767030540|0|1.17860|0.00000|11119017|1|0|0|0|0|H||8|0|3|0|0|0
ZZ_H_524|21|1767028980|0|1.17840|0.00000|11119017|1|0|0|0|0|H||8|0|3|0|0|0
ZZ_H_532|21|1767026760|0|1.17880|0.00000|11119017|1|0|0|0|0|H||8|0|3|0|0|0
ZZ_H_559|21|1767015780|0|1.17700|0.00000|11119017|1|0|0|0|0|H||8|0|3|0|0|0
ZZ_H_57|21|1767578580|0|1.17100|0.00000|11119017|1|0|0|0|0|H*||8|0|3|0|0|0
ZZ_H_576|21|1767010560|0|1.17800|0.00000|11119017|1|0|0|0|0|H||8|0|3|0|0|0
ZZ_H_584|21|1767008220|0|1.17880|0.00000|11119017|1|0|0|0|0|H||8|0|3|0|0|0
ZZ_H_600|21|1767005400|0|1.17880|0.00000|11119017|1|0|0|0|0|H||8|0|3|0|0|0
ZZ_H_611|21|1767001560|0|1.17780|0.00000|11119017|1|0|0|0|0|H||8|0|3|0|0|0
ZZ_H_618|21|1766998800|0|1.17720|0.00000|11119017|1|0|0|0|0|H||8|0|3|0|0|0
ZZ_H_64|21|1767575102|0|1.17120|0.00000|11119017|1|0|0|0|0|H||8|0|3|0|0|0
ZZ_H_645|21|1766978460|0|1.17860|0.00000|11119017|1|0|0|0|0|H||8|0|3|0|0|0
ZZ_H_678|21|1766786460|0|1.17800|0.00000|11119017|1|0|0|0|0|H||8|0|3|0|0|0
ZZ_H_697|21|1766771820|0|1.17780|0.00000|11119017|1|0|0|0|0|H||8|0|3|0|0|0
ZZ_H_708|21|1766769000|0|1.17920|0.00000|11119017|1|0|0|0|0|H||8|0|3|0|0|0
ZZ_H_718|21|1766763240|0|1.17960|0.00000|11119017|1|0|0|0|0|H||8|0|3|0|0|0
ZZ_H_723|21|1766761621|0|1.17940|0.00000|11119017|1|0|0|0|0|H||8|0|3|0|0|0
ZZ_H_735|21|1766755380|0|1.17820|0.00000|11119017|1|0|0|0|0|H||8|0|3|0|0|0
ZZ_H_746|21|1766744580|0|1.17760|0.00000|11119017|1|0|0|0|0|H*||8|0|3|0|0|0
ZZ_H_755|21|1766738880|0|1.17780|0.00000|11119017|1|0|0|0|0|H||8|0|3|0|0|0
ZZ_H_77|21|1767394920|0|1.17220|0.00000|11119017|1|0|0|0|0|H||8|0|3|0|0|0
ZZ_H_770|21|1766723760|0|1.17920|0.00000|11119017|1|0|0|0|0|H||8|0|3|0|0|0
ZZ_H_775|21|1766719440|0|1.17900|0.00000|11119017|1|0|0|0|0|H||8|0|3|0|0|0
ZZ_H_781|21|1766715901|0|1.17900|0.00000|11119017|1|0|0|0|0|H||8|0|3|0|0|0
ZZ_H_788|21|1766713320|0|1.17840|0.00000|11119017|1|0|0|0|0|H||8|0|3|0|0|0
ZZ_H_799|21|1766610900|0|1.17820|0.00000|11119017|1|0|0|0|0|H*||8|0|3|0|0|0
ZZ_H_807|21|1766601480|0|1.17820|0.00000|11119017|1|0|0|0|0|H*||8|0|3|0|0|0
ZZ_H_81|21|1767391860|0|1.17220|0.00000|11119017|1|0|0|0|0|H||8|0|3|0|0|0
ZZ_H_825|21|1766590260|0|1.17900|0.00000|11119017|1|0|0|0|0|H*||8|0|3|0|0|0
ZZ_H_829|21|1766588520|0|1.17900|0.00000|11119017|1|0|0|0|0|H||8|0|3|0|0|0
ZZ_H_837|21|1766580600|0|1.17980|0.00000|11119017|1|0|0|0|0|H||8|0|3|0|0|0
ZZ_H_844|21|1766573760|0|1.18000|0.00000|11119017|1|0|0|0|0|H*||8|0|3|0|0|0
ZZ_H_86|21|1767390900|0|1.17240|0.00000|11119017|1|0|0|0|0|H||8|0|3|0|0|0
ZZ_H_868|21|1766565480|0|1.18040|0.00000|11119017|1|0|0|0|0|H||8|0|3|0|0|0
ZZ_H_888|21|1766547840|0|1.18080|0.00000|11119017|1|0|0|0|0|H||8|0|3|0|0|0
ZZ_H_897|21|1766538060|0|1.17980|0.00000|11119017|1|0|0|0|0|H||8|0|3|0|0|0
ZZ_H_912|21|1766533020|0|1.17960|0.00000|11119017|1|0|0|0|0|H||8|0|3|0|0|0
ZZ_H_930|21|1766515200|0|1.17800|0.00000|11119017|1|0|0|0|0|H||8|0|3|0|0|0
ZZ_H_947|21|1766509501|0|1.17780|0.00000|11119017|1|0|0|0|0|H||8|0|3|0|0|0
ZZ_H_955|21|1766507880|0|1.17780|0.00000|11119017|1|0|0|0|0|H||8|0|3|0|0|0
ZZ_H_970|21|1766503980|0|1.17880|0.00000|11119017|1|0|0|0|0|H||8|0|3|0|0|0
ZZ_H_978|21|1766503020|0|1.17920|0.00000|11119017|1|0|0|0|0|H||8|0|3|0|0|0
ZZ_H_987|21|1766499480|0|1.18020|0.00000|11119017|1|0|0|0|0|H||8|0|3|0|0|0
ZZ_H_994|21|1766493060|0|1.18000|0.00000|11119017|1|0|0|0|0|H||8|0|3|0|0|0
ZZ_L_1004|21|1766488800|0|1.17820|0.00000|11119017|1|0|0|0|0|L||8|0|7|0|0|0
ZZ_L_139|21|1767370620|0|1.17160|0.00000|11119017|1|0|0|0|0|L||8|0|7|0|0|0
ZZ_L_153|21|1767361020|0|1.17160|0.00000|11119017|1|0|0|0|0|L||8|0|7|0|0|0
ZZ_L_157|21|1767359640|0|1.17160|0.00000|11119017|1|0|0|0|0|L||8|0|7|0|0|0
ZZ_L_162|21|1767356040|0|1.17140|0.00000|11119017|1|0|0|0|0|L||8|0|7|0|0|0
ZZ_L_181|21|1767349140|0|1.17240|0.00000|11119017|1|0|0|0|0|L||8|0|7|0|0|0
ZZ_L_21|21|1767600300|0|1.16800|0.00000|11119017|1|0|0|0|0|L||8|0|7|0|0|0
ZZ_L_221|21|1767312061|0|1.17400|0.00000|11119017|1|0|0|0|0|L||8|0|7|0|0|0
ZZ_L_237|21|1767211320|0|1.17320|0.00000|11119017|1|0|0|0|0|L||8|0|7|0|0|0
ZZ_L_241|21|1767210900|0|1.17320|0.00000|11119017|1|0|0|0|0|L||8|0|7|0|0|0
ZZ_L_245|21|1767208140|0|1.17320|0.00000|11119017|1|0|0|0|0|L||8|0|7|0|0|0
ZZ_L_250|21|1767206580|0|1.17300|0.00000|11119017|1|0|0|0|0|L||8|0|7|0|0|0
ZZ_L_272|21|1767203400|0|1.17260|0.00000|11119017|1|0|0|0|0|L||8|0|7|0|0|0
ZZ_L_284|21|1767200521|0|1.17220|0.00000|11119017|1|0|0|0|0|L||8|0|7|0|0|0
ZZ_L_296|21|1767198420|0|1.17340|0.00000|11119017|1|0|0|0|0|L||8|0|7|0|0|0
ZZ_L_30|21|1767590641|0|1.16740|0.00000|11119017|1|0|0|0|0|L*||8|0|7|0|0|0
ZZ_L_308|21|1767193620|0|1.17500|0.00000|11119017|1|0|0|0|0|L||8|0|7|0|0|0
ZZ_L_326|21|1767182700|0|1.17300|0.00000|11119017|1|0|0|0|0|L||8|0|7|0|0|0
ZZ_L_336|21|1767177960|0|1.17220|0.00000|11119017|1|0|0|0|0|L||8|0|7|0|0|0
ZZ_L_346|21|1767173160|0|1.17300|0.00000|11119017|1|0|0|0|0|L||8|0|7|0|0|0
ZZ_L_386|21|1767116520|0|1.17460|0.00000|11119017|1|0|0|0|0|L||8|0|7|0|0|0
ZZ_L_39|21|1767587880|0|1.16840|0.00000|11119017|1|0|0|0|0|L||8|0|7|0|0|0
ZZ_L_400|21|1767110520|0|1.17580|0.00000|11119017|1|0|0|0|0|L*||8|0|7|0|0|0
ZZ_L_408|21|1767109260|0|1.17580|0.00000|11119017|1|0|0|0|0|L*||8|0|7|0|0|0
ZZ_L_412|21|1767108600|0|1.17580|0.00000|11119017|1|0|0|0|0|L||8|0|7|0|0|0
ZZ_L_419|21|1767107100|0|1.17560|0.00000|11119017|1|0|0|0|0|L||8|0|7|0|0|0
ZZ_L_434|21|1767095580|0|1.17700|0.00000|11119017|1|0|0|0|0|L||8|0|7|0|0|0
ZZ_L_442|21|1767091980|0|1.17660|0.00000|11119017|1|0|0|0|0|L||8|0|7|0|0|0
ZZ_L_450|21|1767089040|0|1.17660|0.00000|11119017|1|0|0|0|0|L||8|0|7|0|0|0
ZZ_L_473|21|1767053100|0|1.17640|0.00000|11119017|1|0|0|0|0|L||8|0|7|0|0|0
ZZ_L_490|21|1767034980|0|1.17500|0.00000|11119017|1|0|0|0|0|L*||8|0|7|0|0|0
ZZ_L_496|21|1767033000|0|1.17540|0.00000|11119017|1|0|0|0|0|L||8|0|7|0|0|0
ZZ_L_520|21|1767029700|0|1.17740|0.00000|11119017|1|0|0|0|0|L||8|0|7|0|0|0
ZZ_L_526|21|1767028560|0|1.17780|0.00000|11119017|1|0|0|0|0|L||8|0|7|0|0|0
ZZ_L_551|21|1767019440|0|1.17560|0.00000|11119017|1|0|0|0|0|L||8|0|7|0|0|0
ZZ_L_564|21|1767013920|0|1.17580|0.00000|11119017|1|0|0|0|0|L||8|0|7|0|0|0
ZZ_L_578|21|1767008940|0|1.17740|0.00000|11119017|1|0|0|0|0|L||8|0|7|0|0|0
ZZ_L_591|21|1767006300|0|1.17720|0.00000|11119017|1|0|0|0|0|L||8|0|7|0|0|0
ZZ_L_609|21|1767002460|0|1.17720|0.00000|11119017|1|0|0|0|0|L||8|0|7|0|0|0
ZZ_L_61|21|1767576660|0|1.17040|0.00000|11119017|1|0|0|0|0|L*||8|0|7|0|0|0
ZZ_L_616|21|1766999100|0|1.17660|0.00000|11119017|1|0|0|0|0|L||8|0|7|0|0|0
ZZ_L_628|21|1766992560|0|1.17540|0.00000|11119017|1|0|0|0|0|L||8|0|7|0|0|0
ZZ_L_667|21|1766966402|0|1.17600|0.00000|11119017|1|0|0|0|0|L||8|0|7|0|0|0
ZZ_L_68|21|1767574920|0|1.17020|0.00000|11119017|1|0|0|0|0|L||8|0|7|0|0|0
ZZ_L_686|21|1766777340|0|1.17620|0.00000|11119017|1|0|0|0|0|L||8|0|7|0|0|0
ZZ_L_699|21|1766771642|0|1.17720|0.00000|11119017|1|0|0|0|0|L||8|0|7|0|0|0
ZZ_L_7|21|1767606980|0|1.16840|0.00000|11119017|1|0|0|0|0|L*||8|0|7|0|0|0
ZZ_L_712|21|1766767500|0|1.17820|0.00000|11119017|1|0|0|0|0|L||8|0|7|0|0|0
ZZ_L_721|21|1766762280|0|1.17880|0.00000|11119017|1|0|0|0|0|L||8|0|7|0|0|0
ZZ_L_732|21|1766756940|0|1.17740|0.00000|11119017|1|0|0|0|0|L||8|0|7|0|0|0
ZZ_L_742|21|1766747700|0|1.17700|0.00000|11119017|1|0|0|0|0|L||8|0|7|0|0|0
ZZ_L_749|21|1766743260|0|1.17680|0.00000|11119017|1|0|0|0|0|L||8|0|7|0|0|0
ZZ_L_757|21|1766738520|0|1.17720|0.00000|11119017|1|0|0|0|0|L||8|0|7|0|0|0
ZZ_L_773|21|1766721000|0|1.17840|0.00000|11119017|1|0|0|0|0|L||8|0|7|0|0|0
ZZ_L_779|21|1766717700|0|1.17840|0.00000|11119017|1|0|0|0|0|L*||8|0|7|0|0|0
ZZ_L_786|21|1766714460|0|1.17780|0.00000|11119017|1|0|0|0|0|L||8|0|7|0|0|0
ZZ_L_79|21|1767393900|0|1.17160|0.00000|11119017|1|0|0|0|0|L||8|0|7|0|0|0
ZZ_L_795|21|1766708460|0|1.17760|0.00000|11119017|1|0|0|0|0|L||8|0|7|0|0|0
ZZ_L_802|21|1766606160|0|1.17740|0.00000|11119017|1|0|0|0|0|L||8|0|7|0|0|0
ZZ_L_810|21|1766600220|0|1.17740|0.00000|11119017|1|0|0|0|0|L||8|0|7|0|0|0
ZZ_L_827|21|1766589840|0|1.17840|0.00000|11119017|1|0|0|0|0|L||8|0|7|0|0|0
ZZ_L_83|21|1767391560|0|1.17160|0.00000|11119017|1|0|0|0|0|L||8|0|7|0|0|0
ZZ_L_831|21|1766587260|0|1.17840|0.00000|11119017|1|0|0|0|0|L||8|0|7|0|0|0
ZZ_L_839|21|1766580300|0|1.17920|0.00000|11119017|1|0|0|0|0|L||8|0|7|0|0|0
ZZ_L_853|21|1766571300|0|1.17800|0.00000|11119017|1|0|0|0|0|L||8|0|7|0|0|0
ZZ_L_878|21|1766554980|0|1.17860|0.00000|11119017|1|0|0|0|0|L||8|0|7|0|0|0
ZZ_L_895|21|1766542860|0|1.17920|0.00000|11119017|1|0|0|0|0|L||8|0|7|0|0|0
ZZ_L_905|21|1766534405|0|1.17800|0.00000|11119017|1|0|0|0|0|L||8|0|7|0|0|0
ZZ_L_91|21|1767386160|0|1.17160|0.00000|11119017|1|0|0|0|0|L*||8|0|7|0|0|0
ZZ_L_926|21|1766517600|0|1.17700|0.00000|11119017|1|0|0|0|0|L*||8|0|7|0|0|0
ZZ_L_941|21|1766511840|0|1.17640|0.00000|11119017|1|0|0|0|0|L||8|0|7|0|0|0
ZZ_L_951|21|1766508720|0|1.17680|0.00000|11119017|1|0|0|0|0|L||8|0|7|0|0|0
ZZ_L_960|21|1766506620|0|1.17700|0.00000|11119017|1|0|0|0|0|L*||8|0|7|0|0|0
ZZ_L_973|21|1766503803|0|1.17800|0.00000|11119017|1|0|0|0|0|L||8|0|7|0|0|0
ZZ_L_980|21|1766502240|0|1.17860|0.00000|11119017|1|0|0|0|0|L||8|0|7|0|0|0
ZZ_L_992|21|1766494920|0|1.17940|0.00000|11119017|1|0|0|0|0|L*||8|0|7|0|0|0
