MT4_OBJECT_SYNC_FORMAT_v6
UTC_REF|1767607200|6876.10000
LastUpdateLabel|23|0|0|0.00000|0.00000|16777215|1|0|0|0|0|Ultimo aggiornamento: 2025.12.29 22:37:32||10|0|0|10|20|0
M0|2|1767330000|1767391200|6720.00000|6720.00000|255|1|4|0|0|0|||0|0
M1|2|1767330000|1767391200|7020.00000|7020.00000|13382297|1|4|0|0|0|||0|0
M2|2|1767330000|1767391200|6870.00000|6870.00000|255|1|4|0|0|0|||0|0
M3|2|1767330000|1767391200|6920.00000|6920.00000|13382297|1|4|0|0|0|||0|0
MRank_0|21|1767330000|0|6720.00000|0.00000|255|1|0|0|0|0|				M 1||10|0|2|0|0|0
MRank_1|21|1767330000|0|7020.00000|0.00000|13382297|1|0|0|0|0|				M 2||10|0|2|0|0|0
MRank_2|21|1767330000|0|6870.00000|0.00000|255|1|0|0|0|0|				M 3||10|0|2|0|0|0
MRank_3|21|1767330000|0|6920.00000|0.00000|13382297|1|0|0|0|0|				M 4||10|0|2|0|0|0
Vertical Line 24264|0|1741968000|0|0.00000|0.00000|255|1|0|0|0|0|||0|0
Z0|2|1767333600|1767391200|6900.00000|6900.00000|8388608|1|2|0|0|0|||0|0
Z1|2|1767333600|1767391200|6910.00000|6910.00000|8388608|1|2|0|0|0|||0|0
Z2|2|1767333600|1767391200|6880.00000|6880.00000|2263842|1|2|0|0|0|||0|0
Z3|2|1767333600|1767391200|6870.00000|6870.00000|2263842|1|2|0|0|0|||0|0
ZRank_0|21|1767398400|0|6900.00000|0.00000|8388608|1|0|0|0|0|Z   1||10|0|2|0|0|0
ZRank_1|21|1767398400|0|6910.00000|0.00000|8388608|1|0|0|0|0|Z   2||10|0|2|0|0|0
ZRank_2|21|1767398400|0|6880.00000|0.00000|2263842|1|0|0|0|0|Z   3||10|0|2|0|0|0
ZRank_3|21|1767398400|0|6870.00000|0.00000|2263842|1|0|0|0|0|Z   4||10|0|2|0|0|0
Z_0|21|1767394100|0|6870.00000|0.00000|8421376|1|0|0|0|0|_ _ _ _ _ _ _ _ (3)||10|0|1|0|0|0
Z_1|21|1767394100|0|6880.00000|0.00000|8421376|1|0|0|0|0|_ _ _ _ _ _ _ _ (2)||10|0|1|0|0|0
Z_2|21|1767394100|0|6920.00000|0.00000|16711680|1|0|0|0|0|_ _ _ _ _ _ _ _ (1)||10|0|1|0|0|0
Z_3|21|1767394100|0|6940.00000|0.00000|16711680|1|0|0|0|0|_ _ _ _ _ _ _ _ (4)||10|0|1|0|0|0
