MT4_OBJECT_SYNC_FORMAT_v6
UTC_REF|1765807200|1.17524
FXSSI.CALENDAR#news-country-0|21|1745427600|0|1.12865|0.00000|7509500|1|0|0|1|0|USD||7|0|7|0|0|0
FXSSI.CALENDAR#news-country-1|21|1745506800|0|1.12865|0.00000|7509500|1|0|0|1|0|USD||7|0|7|0|0|0
FXSSI.CALENDAR#news-country-2|21|1745514000|0|1.12865|0.00000|7509500|1|0|0|1|0|USD||7|0|7|0|0|0
FXSSI.CALENDAR#news-country-3|21|1744833600|0|1.12634|0.00000|13092807|1|0|0|1|0|USD||7|0|7|0|0|0
FXSSI.CALENDAR#news-country-4|21|1744902000|0|1.12660|0.00000|7509500|1|0|0|1|0|EUR.USD||7|0|7|0|0|0
FXSSI.CALENDAR#news-frame|24|0|0|0.00000|0.00000|8421504|1|0|0|0|0|BitmapLabel||10|-1
FXSSI.CALENDAR#news-line0|24|0|0|0.00000|0.00000|8421504|1|0|0|1|0|BitmapLabel||10|0
FXSSI.CALENDAR#news-line1|24|0|0|0.00000|0.00000|8421504|1|0|0|1|0|BitmapLabel||10|0
FXSSI.CALENDAR#news-line2|24|0|0|0.00000|0.00000|8421504|1|0|0|1|0|BitmapLabel||10|0
FXSSI.CALENDAR#news-line3|24|0|0|0.00000|0.00000|8421504|1|0|0|1|0|BitmapLabel||10|0
FXSSI.CALENDAR#news-line4|24|0|0|0.00000|0.00000|8421504|1|0|0|1|0|BitmapLabel||10|0
FXSSI.CALENDAR#news-next|24|0|0|0.00000|0.00000|8421504|1|0|0|0|0|BitmapLabel||10|-1
FXSSI.CALENDAR#news-prev|24|0|0|0.00000|0.00000|8421504|1|0|0|0|0|BitmapLabel||10|-1
FXSSI.CALENDAR#news-stars-0|21|1745427600|0|1.12873|0.00000|7509500|1|0|0|1|0|ллл||8|0|7|0|0|0
FXSSI.CALENDAR#news-stars-1|21|1745506800|0|1.12873|0.00000|7509500|1|0|0|1|0|ллл||8|0|7|0|0|0
FXSSI.CALENDAR#news-stars-2|21|1745514000|0|1.12873|0.00000|7509500|1|0|0|1|0|ллл||8|0|7|0|0|0
FXSSI.CALENDAR#news-stars-3|21|1744833600|0|1.12639|0.00000|13092807|1|0|0|1|0|ллл||8|0|7|0|0|0
FXSSI.CALENDAR#news-stars-4|21|1744902000|0|1.12639|0.00000|7509500|1|0|0|1|0|ллл||8|0|7|0|0|0
NormalTL_H_1001|2|1759750200|1759753800|1.16760|1.16760|25600|2|1|0|1|0|||0|0
NormalTL_H_1013|2|1759745700|1759749300|1.17120|1.17120|25600|2|1|0|1|0|||0|0
NormalTL_H_1020|2|1759725900|1759729500|1.17300|1.17300|25600|2|1|0|1|0|||0|0
NormalTL_H_1032|2|1759510800|1759514400|1.17540|1.17540|25600|2|1|0|1|0|||0|0
NormalTL_H_104|2|1765180801|1765184401|1.16700|1.16700|25600|2|1|0|1|0|||0|0
NormalTL_H_1045|2|1759435200|1759438800|1.17240|1.17240|25600|2|1|0|1|0|||0|0
NormalTL_H_1060|2|1759399200|1759402800|1.17540|1.17540|25600|2|1|0|1|0|||0|0
NormalTL_H_1076|2|1759339800|1759343400|1.17540|1.17540|25600|2|1|0|1|0|||0|0
NormalTL_H_1086|2|1759331704|1759335304|1.17660|1.17660|25600|2|1|0|1|0|||0|0
NormalTL_H_1102|2|1759316400|1759320000|1.17660|1.17660|25600|2|1|0|1|0|||0|0
NormalTL_H_1108|2|1759311001|1759314601|1.17780|1.17780|25600|2|1|0|1|0|||0|0
NormalTL_H_1123|2|1759261500|1759265100|1.17600|1.17600|25600|2|1|0|1|0|||0|0
NormalTL_H_1143|2|1759231800|1759235400|1.17600|1.17600|25600|2|1|0|1|0|||0|0
NormalTL_H_1156|2|1759160701|1759164301|1.17540|1.17540|25600|2|1|0|1|0|||0|0
NormalTL_H_1204|2|1758816000|1758819600|1.17060|1.17060|25600|2|1|0|1|0|||0|0
NormalTL_H_1216|2|1758801600|1758805200|1.17540|1.17540|25600|2|1|0|1|0|||0|0
NormalTL_H_122|2|1764925200|1764928800|1.16700|1.16700|25600|2|1|0|1|0|||0|0
NormalTL_H_1234|2|1758656700|1758660300|1.18140|1.18140|25600|2|1|0|1|0|||0|0
NormalTL_H_1245|2|1758627000|1758630600|1.18080|1.18080|25600|2|1|0|1|0|||0|0
NormalTL_H_1256|2|1758600900|1758604500|1.18140|1.18140|25600|2|1|0|1|0|||0|0
NormalTL_H_1286|2|1758300300|1758303900|1.17660|1.17660|25600|2|1|0|1|0|||0|0
NormalTL_H_1300|2|1758276900|1758280500|1.17780|1.17780|25600|2|1|0|1|0|||0|0
NormalTL_H_133|2|1764864900|1764868500|1.16760|1.16760|25600|2|1|0|1|0|||0|0
NormalTL_H_1331|2|1758196800|1758200400|1.18440|1.18440|25600|2|1|0|1|0|||0|0
NormalTL_H_1350|2|1758158100|1758161700|1.18260|1.18260|25600|2|1|0|1|0|||0|0
NormalTL_H_1359|2|1758146403|1758150003|1.18560|1.18560|25600|2|1|0|1|0|||0|0
NormalTL_H_1381|2|1758142808|1758146408|1.19160|1.19160|25600|2|1|0|1|0|||0|0
NormalTL_H_1399|2|1758070800|1758074400|1.18680|1.18680|25600|2|1|0|1|0|||0|0
NormalTL_H_1404|2|1758051000|1758054600|1.18740|1.18740|25600|2|1|0|1|0|||0|0
NormalTL_H_1425|2|1758033000|1758036600|1.18200|1.18200|25600|2|1|0|1|0|||0|0
NormalTL_H_1443|2|1757948400|1757952000|1.17720|1.17720|25600|2|1|0|1|0|||0|0
NormalTL_H_145|2|1764791100|1764794700|1.16760|1.16760|25600|2|1|0|1|0|||0|0
NormalTL_H_1455|2|1757706300|1757709900|1.17360|1.17360|25600|2|1|0|1|0|||0|0
NormalTL_H_1468|2|1757670300|1757673900|1.17420|1.17420|25600|2|1|0|1|0|||0|0
NormalTL_H_1481|2|1757606401|1757610001|1.17360|1.17360|25600|2|1|0|1|0|||0|0
NormalTL_H_1490|2|1757604607|1757608207|1.17180|1.17180|25600|2|1|0|1|0|||0|0
NormalTL_H_1504|2|1757552400|1757556000|1.17060|1.17060|25600|2|1|0|1|0|||0|0
NormalTL_H_1512|2|1757521801|1757525401|1.17300|1.17300|25600|2|1|0|1|0|||0|0
NormalTL_H_1521|2|1757518202|1757521802|1.17240|1.17240|25600|2|1|0|1|0|||0|0
NormalTL_H_1527|2|1757506500|1757510100|1.17120|1.17120|25600|2|1|0|1|0|||0|0
NormalTL_H_1536|2|1757488500|1757492100|1.17180|1.17180|25600|2|1|0|1|0|||0|0
NormalTL_H_1553|2|1757437204|1757440804|1.17600|1.17600|25600|2|1|0|1|0|||0|0
NormalTL_H_1559|2|1757434500|1757438100|1.17480|1.17480|25600|2|1|0|1|0|||0|0
NormalTL_H_1567|2|1757419200|1757422800|1.17720|1.17720|25600|2|1|0|1|0|||0|0
NormalTL_H_1584|2|1757347201|1757350801|1.17540|1.17540|25600|2|1|0|1|0|||0|0
NormalTL_H_1590|2|1757329200|1757332800|1.17420|1.17420|25600|2|1|0|1|0|||0|0
NormalTL_H_1602|2|1757095201|1757098801|1.17540|1.17540|25600|2|1|0|1|0|||0|0
NormalTL_H_1610|2|1757090701|1757094301|1.17540|1.17540|25600|2|1|0|1|0|||0|0
NormalTL_H_1621|2|1757086206|1757089806|1.17480|1.17480|25600|2|1|0|1|0|||0|0
NormalTL_H_1643|2|1757020500|1757024100|1.16520|1.16520|25600|2|1|0|1|0|||0|0
NormalTL_H_1651|2|1757001600|1757005200|1.16520|1.16520|25600|2|1|0|1|0|||0|0
NormalTL_H_1660|2|1756990800|1756994400|1.16580|1.16580|25600|2|1|0|1|0|||0|0
NormalTL_H_1672|2|1756922400|1756926000|1.16820|1.16820|25600|2|1|0|1|0|||0|0
NormalTL_H_1682|2|1756910700|1756914300|1.16580|1.16580|25600|2|1|0|1|0|||0|0
NormalTL_H_1687|2|1756900800|1756904400|1.16640|1.16640|25600|2|1|0|1|0|||0|0
NormalTL_H_1699|2|1756887300|1756890900|1.16400|1.16400|25600|2|1|0|1|0|||0|0
NormalTL_H_170|2|1764685800|1764689400|1.16220|1.16220|25600|2|1|0|1|0|||0|0
NormalTL_H_1712|2|1756832404|1756836004|1.16820|1.16820|25600|2|1|0|1|0|||0|0
NormalTL_H_1727|2|1756824300|1756827900|1.16520|1.16520|25600|2|1|0|1|0|||0|0
NormalTL_H_1735|2|1756812600|1756816200|1.16520|1.16520|25600|2|1|0|1|0|||0|0
NormalTL_H_1748|2|1756803600|1756807200|1.17060|1.17060|25600|2|1|0|1|0|||0|0
NormalTL_H_1754|2|1756774800|1756778400|1.17180|1.17180|25600|2|1|0|1|0|||0|0
NormalTL_H_1763|2|1756727100|1756730700|1.17360|1.17360|25600|2|1|0|1|0|||0|0
NormalTL_H_1793|2|1756467000|1756470600|1.16880|1.16880|25600|2|1|0|1|0|||0|0
NormalTL_H_1802|2|1756410300|1756413900|1.16940|1.16940|25600|2|1|0|1|0|||0|0
NormalTL_H_1808|2|1756399500|1756403100|1.16820|1.16820|25600|2|1|0|1|0|||0|0
NormalTL_H_181|2|1764600301|1764603901|1.16520|1.16520|25600|2|1|0|1|0|||0|0
NormalTL_H_1827|2|1756348200|1756351800|1.16520|1.16520|25600|2|1|0|1|0|||0|0
NormalTL_H_1833|2|1756323901|1756327501|1.16400|1.16400|25600|2|1|0|1|0|||0|0
NormalTL_H_1869|2|1756228500|1756232100|1.16640|1.16640|25600|2|1|0|1|0|||0|0
NormalTL_H_1874|2|1756218600|1756222200|1.16580|1.16580|25600|2|1|0|1|0|||0|0
NormalTL_H_1883|2|1756204201|1756207801|1.16280|1.16280|25600|2|1|0|1|0|||0|0
NormalTL_H_1898|2|1756178100|1756181700|1.16580|1.16580|25600|2|1|0|1|0|||0|0
NormalTL_H_192|2|1764550800|1764554400|1.16100|1.16100|25600|2|1|0|1|0|||0|0
NormalTL_H_1924|2|1756133100|1756136700|1.17060|1.17060|25600|2|1|0|1|0|||0|0
NormalTL_H_1930|2|1756112400|1756116000|1.17180|1.17180|25600|2|1|0|1|0|||0|0
NormalTL_H_1940|2|1755893700|1755897300|1.17420|1.17420|25600|2|1|0|1|0|||0|0
NormalTL_H_1946|2|1755885600|1755889200|1.17300|1.17300|25600|2|1|0|1|0|||0|0
NormalTL_H_1971|2|1755874800|1755878400|1.16160|1.16160|25600|2|1|0|1|0|||0|0
NormalTL_H_1979|2|1755824400|1755828000|1.16160|1.16160|25600|2|1|0|1|0|||0|0
NormalTL_H_1988|2|1755800100|1755803700|1.16220|1.16220|25600|2|1|0|1|0|||0|0
NormalTL_H_2002|2|1755772201|1755775801|1.16580|1.16580|25600|2|1|0|1|0|||0|0
NormalTL_H_2012|2|1755720000|1755723600|1.16700|1.16700|25600|2|1|0|1|0|||0|0
NormalTL_H_2018|2|1755703801|1755707401|1.16700|1.16700|25600|2|1|0|1|0|||0|0
NormalTL_H_2037|2|1755600300|1755603900|1.16880|1.16880|25600|2|1|0|1|0|||0|0
NormalTL_H_2050|2|1755565200|1755568800|1.16700|1.16700|25600|2|1|0|1|0|||0|0
NormalTL_H_2077|2|1755272701|1755276301|1.17000|1.17000|25600|2|1|0|1|0|||0|0
NormalTL_H_208|2|1764257400|1764261000|1.15980|1.15980|25600|2|1|0|1|0|||0|0
NormalTL_H_2083|2|1755271800|1755275400|1.17000|1.17000|25600|2|1|0|1|0|||0|0
NormalTL_H_2097|2|1755191701|1755195301|1.16640|1.16640|25600|2|1|0|1|0|||0|0
NormalTL_H_21|2|1765475100|1765478700|1.17600|1.17600|25600|2|1|0|1|0|||0|0
NormalTL_H_2108|2|1755186302|1755189902|1.16820|1.16820|25600|2|1|0|1|0|||0|0
NormalTL_H_2118|2|1755177300|1755180900|1.16940|1.16940|25600|2|1|0|1|0|||0|0
NormalTL_H_2130|2|1755105300|1755108900|1.17180|1.17180|25600|2|1|0|1|0|||0|0
NormalTL_H_2138|2|1755087300|1755090900|1.17300|1.17300|25600|2|1|0|1|0|||0|0
NormalTL_H_214|2|1764208800|1764212400|1.16100|1.16100|25600|2|1|0|1|0|||0|0
NormalTL_H_2152|2|1755023401|1755027001|1.16940|1.16940|25600|2|1|0|1|0|||0|0
NormalTL_H_2163|2|1755017103|1755020703|1.16640|1.16640|25600|2|1|0|1|0|||0|0
NormalTL_H_2168|2|1755016203|1755019803|1.16580|1.16580|25600|2|1|0|1|0|||0|0
NormalTL_H_2179|2|1755013502|1755017102|1.16520|1.16520|25600|2|1|0|1|0|||0|0
NormalTL_H_2183|2|1755012605|1755016205|1.16520|1.16520|25600|2|1|0|1|0|||0|0
NormalTL_H_2195|2|1754973000|1754976600|1.16280|1.16280|25600|2|1|0|1|0|||0|0
NormalTL_H_2214|2|1754888400|1754892000|1.16700|1.16700|25600|2|1|0|1|0|||0|0
NormalTL_H_2235|2|1754647200|1754650800|1.16640|1.16640|25600|2|1|0|1|0|||0|0
NormalTL_H_2243|2|1754614800|1754618400|1.16760|1.16760|25600|2|1|0|1|0|||0|0
NormalTL_H_2255|2|1754590501|1754594101|1.16400|1.16400|25600|2|1|0|1|0|||0|0
NormalTL_H_2266|2|1754584200|1754587800|1.16580|1.16580|25600|2|1|0|1|0|||0|0
NormalTL_H_2270|2|1754579700|1754583300|1.16580|1.16580|25600|2|1|0|1|0|||0|0
NormalTL_H_2282|2|1754563500|1754567100|1.16940|1.16940|25600|2|1|0|1|0|||0|0
NormalTL_H_2293|2|1754514000|1754517600|1.16640|1.16640|25600|2|1|0|1|0|||0|0
NormalTL_H_2324|2|1754417700|1754421300|1.15860|1.15860|25600|2|1|0|1|0|||0|0
NormalTL_H_233|2|1764130500|1764134100|1.15920|1.15920|25600|2|1|0|1|0|||0|0
NormalTL_H_2333|2|1754413200|1754416800|1.15560|1.15560|25600|2|1|0|1|0|||0|0
NormalTL_H_2346|2|1754385300|1754388900|1.15620|1.15620|25600|2|1|0|1|0|||0|0
NormalTL_H_2354|2|1754357400|1754361000|1.15860|1.15860|25600|2|1|0|1|0|||0|0
NormalTL_H_2364|2|1754327700|1754331300|1.15860|1.15860|25600|2|1|0|1|0|||0|0
NormalTL_H_2376|2|1754316000|1754319600|1.15860|1.15860|25600|2|1|0|1|0|||0|0
NormalTL_H_2382|2|1754308801|1754312401|1.15740|1.15740|25600|2|1|0|1|0|||0|0
NormalTL_H_2392|2|1754287200|1754290800|1.15860|1.15860|25600|2|1|0|1|0|||0|0
NormalTL_H_240|2|1764098100|1764101700|1.15860|1.15860|25600|2|1|0|1|0|||0|0
NormalTL_H_2401|2|1754090100|1754093700|1.15920|1.15920|25600|2|1|0|1|0|||0|0
NormalTL_H_2417|2|1754082901|1754086501|1.15440|1.15440|25600|2|1|0|1|0|||0|0
NormalTL_H_2426|2|1754075701|1754079301|1.15620|1.15620|25600|2|1|0|1|0|||0|0
NormalTL_H_2430|2|1754073900|1754077500|1.15620|1.15620|25600|2|1|0|1|0|||0|0
NormalTL_H_2440|2|1754067602|1754071202|1.15860|1.15860|25600|2|1|0|1|0|||0|0
NormalTL_H_2447|2|1754065800|1754069400|1.15800|1.15800|25600|2|1|0|1|0|||0|0
NormalTL_H_2454|2|1754064003|1754067603|1.15620|1.15620|25600|2|1|0|1|0|||0|0
NormalTL_H_2459|2|1754063102|1754066702|1.15560|1.15560|25600|2|1|0|1|0|||0|0
NormalTL_H_2488|2|1754055000|1754058600|1.14180|1.14180|25600|2|1|0|1|0|||0|0
NormalTL_H_249|2|1764090000|1764093600|1.15800|1.15800|25600|2|1|0|1|0|||0|0
NormalTL_H_2497|2|1754037900|1754041500|1.14360|1.14360|25600|2|1|0|1|0|||0|0
NormalTL_H_2513|2|1753983002|1753986602|1.14480|1.14480|25600|2|1|0|1|0|||0|0
NormalTL_H_2523|2|1753970400|1753974000|1.14480|1.14480|25600|2|1|0|1|0|||0|0
NormalTL_H_2530|2|1753958701|1753962301|1.14540|1.14540|25600|2|1|0|1|0|||0|0
NormalTL_H_2535|2|1753955100|1753958700|1.14600|1.14600|25600|2|1|0|1|0|||0|0
NormalTL_H_2545|2|1753929900|1753933500|1.14360|1.14360|25600|2|1|0|1|0|||0|0
NormalTL_H_2568|2|1753911001|1753914601|1.15020|1.15020|25600|2|1|0|1|0|||0|0
NormalTL_H_2573|2|1753909201|1753912801|1.14960|1.14960|25600|2|1|0|1|0|||0|0
NormalTL_H_2579|2|1753895700|1753899300|1.14840|1.14840|25600|2|1|0|1|0|||0|0
NormalTL_H_258|2|1764083700|1764087300|1.15620|1.15620|25600|2|1|0|1|0|||0|0
NormalTL_H_2601|2|1753869600|1753873200|1.15680|1.15680|25600|2|1|0|1|0|||0|0
NormalTL_H_2607|2|1753845300|1753848900|1.15680|1.15680|25600|2|1|0|1|0|||0|0
NormalTL_H_2615|2|1753820100|1753823700|1.15560|1.15560|25600|2|1|0|1|0|||0|0
NormalTL_H_2621|2|1753810200|1753813800|1.15440|1.15440|25600|2|1|0|1|0|||0|0
NormalTL_H_2626|2|1753808401|1753812001|1.15500|1.15500|25600|2|1|0|1|0|||0|0
NormalTL_H_263|2|1764081002|1764084602|1.15560|1.15560|25600|2|1|0|1|0|||0|0
NormalTL_H_2642|2|1753791300|1753794900|1.15860|1.15860|25600|2|1|0|1|0|||0|0
NormalTL_H_2674|2|1753722900|1753726500|1.16460|1.16460|25600|2|1|0|1|0|||0|0
NormalTL_H_2681|2|1753714800|1753718400|1.16640|1.16640|25600|2|1|0|1|0|||0|0
NormalTL_H_2724|2|1753460101|1753463701|1.17300|1.17300|25600|2|1|0|1|0|||0|0
NormalTL_H_2739|2|1753435800|1753439400|1.17600|1.17600|25600|2|1|0|1|0|||0|0
NormalTL_H_2744|2|1753404300|1753407900|1.17540|1.17540|25600|2|1|0|1|0|||0|0
NormalTL_H_2754|2|1753389000|1753392600|1.17780|1.17780|25600|2|1|0|1|0|||0|0
NormalTL_H_2758|2|1753380900|1753384500|1.17780|1.17780|25600|2|1|0|1|0|||0|0
NormalTL_H_2765|2|1753376401|1753380001|1.17840|1.17840|25600|2|1|0|1|0|||0|0
NormalTL_H_278|2|1763991900|1763995500|1.15500|1.15500|25600|2|1|0|1|0|||0|0
NormalTL_H_2796|2|1753291800|1753295400|1.17420|1.17420|25600|2|1|0|1|0|||0|0
NormalTL_H_2821|2|1753210800|1753214400|1.17600|1.17600|25600|2|1|0|1|0|||0|0
NormalTL_H_2836|2|1753183800|1753187400|1.17060|1.17060|25600|2|1|0|1|0|||0|0
NormalTL_H_289|2|1763760600|1763764200|1.15200|1.15200|25600|2|1|0|1|0|||0|0
NormalTL_H_298|2|1763735401|1763739001|1.15260|1.15260|25600|2|1|0|1|0|||0|0
NormalTL_H_308|2|1763712900|1763716500|1.15500|1.15500|25600|2|1|0|1|0|||0|0
NormalTL_H_320|2|1763655300|1763658900|1.15500|1.15500|25600|2|1|0|1|0|||0|0
NormalTL_H_326|2|1763652604|1763656204|1.15380|1.15380|25600|2|1|0|1|0|||0|0
NormalTL_H_338|2|1763595000|1763598600|1.15380|1.15380|25600|2|1|0|1|0|||0|0
NormalTL_H_350|2|1763558100|1763561700|1.15860|1.15860|25600|2|1|0|1|0|||0|0
NormalTL_H_355|2|1763535600|1763539200|1.15920|1.15920|25600|2|1|0|1|0|||0|0
NormalTL_H_36|2|1765445400|1765449000|1.17060|1.17060|25600|2|1|0|1|0|||0|0
NormalTL_H_363|2|1763478900|1763482500|1.16040|1.16040|25600|2|1|0|1|0|||0|0
NormalTL_H_369|2|1763446500|1763450100|1.16040|1.16040|25600|2|1|0|1|0|||0|0
NormalTL_H_393|2|1763131500|1763135100|1.16520|1.16520|25600|2|1|0|1|0|||0|0
NormalTL_H_40|2|1765415700|1765419300|1.17060|1.17060|25600|2|1|0|1|0|||0|0
NormalTL_H_415|2|1763058600|1763062200|1.16520|1.16520|25600|2|1|0|1|0|||0|0
NormalTL_H_424|2|1763030701|1763034301|1.16340|1.16340|25600|2|1|0|1|0|||0|0
NormalTL_H_445|2|1762874103|1762877703|1.16040|1.16040|25600|2|1|0|1|0|||0|0
NormalTL_H_464|2|1762784100|1762787700|1.15740|1.15740|25600|2|1|0|1|0|||0|0
NormalTL_H_469|2|1762769700|1762773300|1.15800|1.15800|25600|2|1|0|1|0|||0|0
NormalTL_H_480|2|1762534800|1762538400|1.15860|1.15860|25600|2|1|0|1|0|||0|0
NormalTL_H_490|2|1762474500|1762478100|1.15500|1.15500|25600|2|1|0|1|0|||0|0
NormalTL_H_494|2|1762459200|1762462800|1.15500|1.15500|25600|2|1|0|1|0|||0|0
NormalTL_H_501|2|1762443000|1762446600|1.15440|1.15440|25600|2|1|0|1|0|||0|0
NormalTL_H_51|2|1765401303|1765404903|1.16760|1.16760|25600|2|1|0|1|0|||0|0
NormalTL_H_518|2|1762360200|1762363800|1.14900|1.14900|25600|2|1|0|1|0|||0|0
NormalTL_H_525|2|1762313400|1762317000|1.14960|1.14960|25600|2|1|0|1|0|||0|0
NormalTL_H_529|2|1762278300|1762281900|1.14960|1.14960|25600|2|1|0|1|0|||0|0
NormalTL_H_533|2|1762268400|1762272000|1.14960|1.14960|25600|2|1|0|1|0|||0|0
NormalTL_H_543|2|1762245000|1762248600|1.15320|1.15320|25600|2|1|0|1|0|||0|0
NormalTL_H_551|2|1762192800|1762196400|1.15320|1.15320|25600|2|1|0|1|0|||0|0
NormalTL_H_574|2|1761910200|1761913800|1.15740|1.15740|25600|2|1|0|1|0|||0|0
NormalTL_H_582|2|1761843600|1761847200|1.15860|1.15860|25600|2|1|0|1|0|||0|0
NormalTL_H_599|2|1761826500|1761830100|1.16280|1.16280|25600|2|1|0|1|0|||0|0
NormalTL_H_604|2|1761808501|1761812101|1.16340|1.16340|25600|2|1|0|1|0|||0|0
NormalTL_H_61|2|1765400401|1765404001|1.16760|1.16760|25600|2|1|0|1|0|||0|0
NormalTL_H_631|2|1761763500|1761767100|1.16640|1.16640|25600|2|1|0|1|0|||0|0
NormalTL_H_638|2|1761741900|1761745500|1.16460|1.16460|25600|2|1|0|1|0|||0|0
NormalTL_H_647|2|1761672600|1761676200|1.16640|1.16640|25600|2|1|0|1|0|||0|0
NormalTL_H_657|2|1761654600|1761658200|1.16640|1.16640|25600|2|1|0|1|0|||0|0
NormalTL_H_661|2|1761621300|1761624900|1.16640|1.16640|25600|2|1|0|1|0|||0|0
NormalTL_H_672|2|1761537600|1761541200|1.16460|1.16460|25600|2|1|0|1|0|||0|0
NormalTL_H_684|2|1761319803|1761323403|1.16460|1.16460|25600|2|1|0|1|0|||0|0
NormalTL_H_7|2|1765566900|1765570500|1.17480|1.17480|25600|2|1|0|1|0|||0|0
NormalTL_H_708|2|1761156000|1761159600|1.16220|1.16220|25600|2|1|0|1|0|||0|0
NormalTL_H_718|2|1761093900|1761097500|1.16100|1.16100|25600|2|1|0|1|0|||0|0
NormalTL_H_724|2|1761070500|1761074100|1.16220|1.16220|25600|2|1|0|1|0|||0|0
NormalTL_H_73|2|1765359900|1765363500|1.16520|1.16520|25600|2|1|0|1|0|||0|0
NormalTL_H_743|2|1761015600|1761019200|1.16520|1.16520|25600|2|1|0|1|0|||0|0
NormalTL_H_749|2|1760972400|1760976000|1.16640|1.16640|25600|2|1|0|1|0|||0|0
NormalTL_H_754|2|1760931900|1760935500|1.16700|1.16700|25600|2|1|0|1|0|||0|0
NormalTL_H_761|2|1760722200|1760725800|1.16760|1.16760|25600|2|1|0|1|0|||0|0
NormalTL_H_775|2|1760697000|1760700600|1.17120|1.17120|25600|2|1|0|1|0|||0|0
NormalTL_H_781|2|1760689800|1760693400|1.17240|1.17240|25600|2|1|0|1|0|||0|0
NormalTL_H_79|2|1765301400|1765305000|1.16400|1.16400|25600|2|1|0|1|0|||0|0
NormalTL_H_790|2|1760644801|1760648401|1.16940|1.16940|25600|2|1|0|1|0|||0|0
NormalTL_H_802|2|1760585401|1760589001|1.16700|1.16700|25600|2|1|0|1|0|||0|0
NormalTL_H_810|2|1760553000|1760556600|1.16460|1.16460|25600|2|1|0|1|0|||0|0
NormalTL_H_817|2|1760521500|1760525100|1.16400|1.16400|25600|2|1|0|1|0|||0|0
NormalTL_H_843|2|1760426100|1760429700|1.15920|1.15920|25600|2|1|0|1|0|||0|0
NormalTL_H_867|2|1760331600|1760335200|1.16280|1.16280|25600|2|1|0|1|0|||0|0
NormalTL_H_876|2|1760139900|1760143500|1.16220|1.16220|25600|2|1|0|1|0|||0|0
NormalTL_H_885|2|1760120100|1760123700|1.16280|1.16280|25600|2|1|0|1|0|||0|0
NormalTL_H_89|2|1765275300|1765278900|1.16520|1.16520|25600|2|1|0|1|0|||0|0
NormalTL_H_900|2|1760093100|1760096700|1.15860|1.15860|25600|2|1|0|1|0|||0|0
NormalTL_H_940|2|1759980600|1759984200|1.16460|1.16460|25600|2|1|0|1|0|||0|0
NormalTL_H_953|2|1759931100|1759934700|1.16400|1.16400|25600|2|1|0|1|0|||0|0
NormalTL_H_960|2|1759919401|1759923001|1.16340|1.16340|25600|2|1|0|1|0|||0|0
NormalTL_H_975|2|1759860000|1759863600|1.16760|1.16760|25600|2|1|0|1|0|||0|0
NormalTL_H_990|2|1759772700|1759776300|1.17180|1.17180|25600|2|1|0|1|0|||0|0
NormalTL_L_1004|2|1759748400|1759752000|1.16520|1.16520|3937500|2|1|0|1|0|||0|0
NormalTL_L_1015|2|1759743000|1759746600|1.16940|1.16940|3937500|2|1|0|1|0|||0|0
NormalTL_L_1022|2|1759708802|1759712402|1.17120|1.17120|3937500|2|1|0|1|0|||0|0
NormalTL_L_1042|2|1759449601|1759453201|1.17000|1.17000|3937500|2|1|0|1|0|||0|0
NormalTL_L_1050|2|1759428900|1759432500|1.16880|1.16880|3937500|2|1|0|1|0|||0|0
NormalTL_L_1069|2|1759342501|1759346101|1.17180|1.17180|3937500|2|1|0|1|0|||0|0
NormalTL_L_1078|2|1759338001|1759341601|1.17360|1.17360|3937500|2|1|0|1|0|||0|0
NormalTL_L_1095|2|1759324500|1759328100|1.17180|1.17180|3937500|2|1|0|1|0|||0|0
NormalTL_L_1104|2|1759313702|1759317302|1.17480|1.17480|3937500|2|1|0|1|0|||0|0
NormalTL_L_112|2|1764957601|1764961201|1.16280|1.16280|3937500|2|1|0|1|0|||0|0
NormalTL_L_1127|2|1759255200|1759258800|1.17300|1.17300|3937500|2|1|0|1|0|||0|0
NormalTL_L_1137|2|1759248001|1759251601|1.17180|1.17180|3937500|2|1|0|1|0|||0|0
NormalTL_L_1184|2|1758893400|1758897000|1.16640|1.16640|3937500|2|1|0|1|0|||0|0
NormalTL_L_1193|2|1758834000|1758837600|1.16460|1.16460|3937500|2|1|0|1|0|||0|0
NormalTL_L_1206|2|1758815100|1758818700|1.16880|1.16880|3937500|2|1|0|1|0|||0|0
NormalTL_L_1221|2|1758729600|1758733200|1.17300|1.17300|3937500|2|1|0|1|0|||0|0
NormalTL_L_1249|2|1758622500|1758626100|1.17780|1.17780|3937500|2|1|0|1|0|||0|0
NormalTL_L_126|2|1764887400|1764891000|1.16400|1.16400|3937500|2|1|0|1|0|||0|0
NormalTL_L_1263|2|1758559500|1758563100|1.17660|1.17660|3937500|2|1|0|1|0|||0|0
NormalTL_L_1291|2|1758293101|1758296701|1.17300|1.17300|3937500|2|1|0|1|0|||0|0
NormalTL_L_1302|2|1758274200|1758277800|1.17600|1.17600|3937500|2|1|0|1|0|||0|0
NormalTL_L_1342|2|1758185100|1758188700|1.17840|1.17840|3937500|2|1|0|1|0|||0|0
NormalTL_L_135|2|1764861300|1764864900|1.16580|1.16580|3937500|2|1|0|1|0|||0|0
NormalTL_L_1352|2|1758150901|1758154501|1.18080|1.18080|3937500|2|1|0|1|0|||0|0
NormalTL_L_1364|2|1758145503|1758149103|1.18200|1.18200|3937500|2|1|0|1|0|||0|0
NormalTL_L_1395|2|1758103201|1758106801|1.18380|1.18380|3937500|2|1|0|1|0|||0|0
NormalTL_L_14|2|1765536300|1765539900|1.17240|1.17240|3937500|2|1|0|1|0|||0|0
NormalTL_L_1401|2|1758067200|1758070800|1.18500|1.18500|3937500|2|1|0|1|0|||0|0
NormalTL_L_1421|2|1758036600|1758040200|1.17900|1.17900|3937500|2|1|0|1|0|||0|0
NormalTL_L_1441|2|1757952900|1757956500|1.17540|1.17540|3937500|2|1|0|1|0|||0|0
NormalTL_L_1453|2|1757894400|1757898000|1.17180|1.17180|3937500|2|1|0|1|0|||0|0
NormalTL_L_1461|2|1757690100|1757693700|1.17060|1.17060|3937500|2|1|0|1|0|||0|0
NormalTL_L_1479|2|1757607300|1757610900|1.17180|1.17180|3937500|2|1|0|1|0|||0|0
NormalTL_L_1487|2|1757605501|1757609101|1.16940|1.16940|3937500|2|1|0|1|0|||0|0
NormalTL_L_1498|2|1757603701|1757607301|1.16640|1.16640|3937500|2|1|0|1|0|||0|0
NormalTL_L_1506|2|1757543400|1757547000|1.16880|1.16880|3937500|2|1|0|1|0|||0|0
NormalTL_L_1517|2|1757519102|1757522702|1.16940|1.16940|3937500|2|1|0|1|0|||0|0
NormalTL_L_1525|2|1757510100|1757513700|1.16940|1.16940|3937500|2|1|0|1|0|||0|0
NormalTL_L_1532|2|1757497502|1757501102|1.16880|1.16880|3937500|2|1|0|1|0|||0|0
NormalTL_L_1539|2|1757470500|1757474100|1.16940|1.16940|3937500|2|1|0|1|0|||0|0
NormalTL_L_1557|2|1757437200|1757440800|1.17300|1.17300|3937500|2|1|0|1|0|||0|0
NormalTL_L_1561|2|1757430000|1757433600|1.17300|1.17300|3937500|2|1|0|1|0|||0|0
NormalTL_L_1570|2|1757413800|1757417400|1.17480|1.17480|3937500|2|1|0|1|0|||0|0
NormalTL_L_1582|2|1757351700|1757355300|1.17360|1.17360|3937500|2|1|0|1|0|||0|0
NormalTL_L_1588|2|1757330100|1757333700|1.17240|1.17240|3937500|2|1|0|1|0|||0|0
NormalTL_L_1595|2|1757289600|1757293200|1.17060|1.17060|3937500|2|1|0|1|0|||0|0
NormalTL_L_1606|2|1757093400|1757097000|1.17240|1.17240|3937500|2|1|0|1|0|||0|0
NormalTL_L_1615|2|1757088900|1757092500|1.17180|1.17180|3937500|2|1|0|1|0|||0|0
NormalTL_L_164|2|1764701100|1764704700|1.15920|1.15920|3937500|2|1|0|1|0|||0|0
NormalTL_L_1641|2|1757030400|1757034000|1.16340|1.16340|3937500|2|1|0|1|0|||0|0
NormalTL_L_1662|2|1756988100|1756991700|1.16400|1.16400|3937500|2|1|0|1|0|||0|0
NormalTL_L_1680|2|1756913400|1756917000|1.16400|1.16400|3937500|2|1|0|1|0|||0|0
NormalTL_L_1684|2|1756906200|1756909800|1.16400|1.16400|3937500|2|1|0|1|0|||0|0
NormalTL_L_1695|2|1756894502|1756898102|1.16100|1.16100|3937500|2|1|0|1|0|||0|0
NormalTL_L_1701|2|1756872900|1756876500|1.16220|1.16220|3937500|2|1|0|1|0|||0|0
NormalTL_L_1722|2|1756827000|1756830600|1.16160|1.16160|3937500|2|1|0|1|0|||0|0
NormalTL_L_1737|2|1756810800|1756814400|1.16340|1.16340|3937500|2|1|0|1|0|||0|0
NormalTL_L_1750|2|1756790100|1756793700|1.16880|1.16880|3937500|2|1|0|1|0|||0|0
NormalTL_L_1773|2|1756511100|1756514700|1.16820|1.16820|3937500|2|1|0|1|0|||0|0
NormalTL_L_1788|2|1756479600|1756483200|1.16520|1.16520|3937500|2|1|0|1|0|||0|0
NormalTL_L_1797|2|1756440900|1756444500|1.16580|1.16580|3937500|2|1|0|1|0|||0|0
NormalTL_L_1806|2|1756403100|1756406700|1.16640|1.16640|3937500|2|1|0|1|0|||0|0
NormalTL_L_1810|2|1756396800|1756400400|1.16640|1.16640|3937500|2|1|0|1|0|||0|0
NormalTL_L_1831|2|1756328400|1756332000|1.16220|1.16220|3937500|2|1|0|1|0|||0|0
NormalTL_L_1849|2|1756302300|1756305900|1.15740|1.15740|3937500|2|1|0|1|0|||0|0
NormalTL_L_1872|2|1756223100|1756226700|1.16400|1.16400|3937500|2|1|0|1|0|||0|0
NormalTL_L_1881|2|1756206900|1756210500|1.16100|1.16100|3937500|2|1|0|1|0|||0|0
NormalTL_L_1886|2|1756202401|1756206001|1.16040|1.16040|3937500|2|1|0|1|0|||0|0
NormalTL_L_190|2|1764562500|1764566100|1.15920|1.15920|3937500|2|1|0|1|0|||0|0
NormalTL_L_1908|2|1756159201|1756162801|1.16040|1.16040|3937500|2|1|0|1|0|||0|0
NormalTL_L_1926|2|1756125900|1756129500|1.16880|1.16880|3937500|2|1|0|1|0|||0|0
NormalTL_L_1933|2|1756090801|1756094401|1.16940|1.16940|3937500|2|1|0|1|0|||0|0
NormalTL_L_1944|2|1755887400|1755891000|1.17120|1.17120|3937500|2|1|0|1|0|||0|0
NormalTL_L_1969|2|1755880200|1755883800|1.15980|1.15980|3937500|2|1|0|1|0|||0|0
NormalTL_L_1975|2|1755844201|1755847801|1.15860|1.15860|3937500|2|1|0|1|0|||0|0
NormalTL_L_1982|2|1755820800|1755824400|1.15920|1.15920|3937500|2|1|0|1|0|||0|0
NormalTL_L_1990|2|1755797401|1755801001|1.16040|1.16040|3937500|2|1|0|1|0|||0|0
NormalTL_L_2006|2|1755767701|1755771301|1.16280|1.16280|3937500|2|1|0|1|0|||0|0
NormalTL_L_202|2|1764333000|1764336600|1.15560|1.15560|3937500|2|1|0|1|0|||0|0
NormalTL_L_2046|2|1755576901|1755580501|1.16400|1.16400|3937500|2|1|0|1|0|||0|0
NormalTL_L_2052|2|1755561600|1755565200|1.16520|1.16520|3937500|2|1|0|1|0|||0|0
NormalTL_L_2075|2|1755274500|1755278100|1.16820|1.16820|3937500|2|1|0|1|0|||0|0
NormalTL_L_2080|2|1755271803|1755275403|1.16760|1.16760|3937500|2|1|0|1|0|||0|0
NormalTL_L_2093|2|1755196201|1755199801|1.16340|1.16340|3937500|2|1|0|1|0|||0|0
NormalTL_L_210|2|1764236700|1764240300|1.15800|1.15800|3937500|2|1|0|1|0|||0|0
NormalTL_L_2100|2|1755190800|1755194400|1.16400|1.16400|3937500|2|1|0|1|0|||0|0
NormalTL_L_2112|2|1755185403|1755189003|1.16520|1.16520|3937500|2|1|0|1|0|||0|0
NormalTL_L_2121|2|1755169200|1755172800|1.16700|1.16700|3937500|2|1|0|1|0|||0|0
NormalTL_L_2133|2|1755099900|1755103500|1.16940|1.16940|3937500|2|1|0|1|0|||0|0
NormalTL_L_2161|2|1755018000|1755021600|1.16460|1.16460|3937500|2|1|0|1|0|||0|0
NormalTL_L_2166|2|1755017100|1755020700|1.16400|1.16400|3937500|2|1|0|1|0|||0|0
NormalTL_L_2173|2|1755015301|1755018901|1.16220|1.16220|3937500|2|1|0|1|0|||0|0
NormalTL_L_2181|2|1755013500|1755017100|1.16340|1.16340|3937500|2|1|0|1|0|||0|0
NormalTL_L_2190|2|1755000900|1755004500|1.16040|1.16040|3937500|2|1|0|1|0|||0|0
NormalTL_L_2200|2|1754933400|1754937000|1.15920|1.15920|3937500|2|1|0|1|0|||0|0
NormalTL_L_2218|2|1754691300|1754694900|1.16400|1.16400|3937500|2|1|0|1|0|||0|0
NormalTL_L_2238|2|1754640901|1754644501|1.16400|1.16400|3937500|2|1|0|1|0|||0|0
NormalTL_L_225|2|1764171900|1764175500|1.15500|1.15500|3937500|2|1|0|1|0|||0|0
NormalTL_L_2253|2|1754602200|1754605800|1.16220|1.16220|3937500|2|1|0|1|0|||0|0
NormalTL_L_2258|2|1754586901|1754590501|1.16160|1.16160|3937500|2|1|0|1|0|||0|0
NormalTL_L_2268|2|1754582400|1754586000|1.16400|1.16400|3937500|2|1|0|1|0|||0|0
NormalTL_L_2272|2|1754577000|1754580600|1.16400|1.16400|3937500|2|1|0|1|0|||0|0
NormalTL_L_2291|2|1754523000|1754526600|1.16460|1.16460|3937500|2|1|0|1|0|||0|0
NormalTL_L_2321|2|1754431200|1754434800|1.15620|1.15620|3937500|2|1|0|1|0|||0|0
NormalTL_L_2331|2|1754414100|1754417700|1.15380|1.15380|3937500|2|1|0|1|0|||0|0
NormalTL_L_2348|2|1754382600|1754386200|1.15440|1.15440|3937500|2|1|0|1|0|||0|0
NormalTL_L_2366|2|1754325900|1754329500|1.15680|1.15680|3937500|2|1|0|1|0|||0|0
NormalTL_L_237|2|1764108900|1764112500|1.15620|1.15620|3937500|2|1|0|1|0|||0|0
NormalTL_L_2373|2|1754317801|1754321401|1.15620|1.15620|3937500|2|1|0|1|0|||0|0
NormalTL_L_2380|2|1754312400|1754316000|1.15560|1.15560|3937500|2|1|0|1|0|||0|0
NormalTL_L_2385|2|1754302501|1754306101|1.15500|1.15500|3937500|2|1|0|1|0|||0|0
NormalTL_L_2396|2|1754278200|1754281800|1.15560|1.15560|3937500|2|1|0|1|0|||0|0
NormalTL_L_2420|2|1754078401|1754082001|1.15200|1.15200|3937500|2|1|0|1|0|||0|0
NormalTL_L_2428|2|1754074800|1754078400|1.15440|1.15440|3937500|2|1|0|1|0|||0|0
NormalTL_L_2433|2|1754072100|1754075700|1.15380|1.15380|3937500|2|1|0|1|0|||0|0
NormalTL_L_2444|2|1754066701|1754070301|1.15560|1.15560|3937500|2|1|0|1|0|||0|0
NormalTL_L_245|2|1764095400|1764099000|1.15500|1.15500|3937500|2|1|0|1|0|||0|0
NormalTL_L_2452|2|1754064900|1754068500|1.15440|1.15440|3937500|2|1|0|1|0|||0|0
NormalTL_L_2457|2|1754064000|1754067600|1.15380|1.15380|3937500|2|1|0|1|0|||0|0
NormalTL_L_2485|2|1754061300|1754064900|1.13940|1.13940|3937500|2|1|0|1|0|||0|0
NormalTL_L_2491|2|1754051400|1754055000|1.13940|1.13940|3937500|2|1|0|1|0|||0|0
NormalTL_L_2501|2|1754022600|1754026200|1.14060|1.14060|3937500|2|1|0|1|0|||0|0
NormalTL_L_2518|2|1753977601|1753981201|1.14120|1.14120|3937500|2|1|0|1|0|||0|0
NormalTL_L_2526|2|1753967700|1753971300|1.14240|1.14240|3937500|2|1|0|1|0|||0|0
NormalTL_L_2532|2|1753956901|1753960501|1.14360|1.14360|3937500|2|1|0|1|0|||0|0
NormalTL_L_2542|2|1753942500|1753946100|1.14120|1.14120|3937500|2|1|0|1|0|||0|0
NormalTL_L_2550|2|1753917301|1753920901|1.14000|1.14000|3937500|2|1|0|1|0|||0|0
NormalTL_L_256|2|1764084600|1764088200|1.15440|1.15440|3937500|2|1|0|1|0|||0|0
NormalTL_L_2571|2|1753910100|1753913700|1.14780|1.14780|3937500|2|1|0|1|0|||0|0
NormalTL_L_2577|2|1753900200|1753903800|1.14660|1.14660|3937500|2|1|0|1|0|||0|0
NormalTL_L_2604|2|1753862400|1753866000|1.15440|1.15440|3937500|2|1|0|1|0|||0|0
NormalTL_L_261|2|1764081900|1764085500|1.15380|1.15380|3937500|2|1|0|1|0|||0|0
NormalTL_L_2613|2|1753821900|1753825500|1.15380|1.15380|3937500|2|1|0|1|0|||0|0
NormalTL_L_2619|2|1753811100|1753814700|1.15260|1.15260|3937500|2|1|0|1|0|||0|0
NormalTL_L_2623|2|1753809301|1753812901|1.15260|1.15260|3937500|2|1|0|1|0|||0|0
NormalTL_L_2632|2|1753803900|1753807500|1.15200|1.15200|3937500|2|1|0|1|0|||0|0
NormalTL_L_2676|2|1753720200|1753723800|1.16280|1.16280|3937500|2|1|0|1|0|||0|0
NormalTL_L_2683|2|1753712100|1753715700|1.16460|1.16460|3937500|2|1|0|1|0|||0|0
NormalTL_L_2721|2|1753461001|1753464601|1.17060|1.17060|3937500|2|1|0|1|0|||0|0
NormalTL_L_2727|2|1753459201|1753462801|1.17060|1.17060|3937500|2|1|0|1|0|||0|0
NormalTL_L_2742|2|1753417800|1753421400|1.17360|1.17360|3937500|2|1|0|1|0|||0|0
NormalTL_L_2747|2|1753401601|1753405201|1.17300|1.17300|3937500|2|1|0|1|0|||0|0
NormalTL_L_2756|2|1753382700|1753386300|1.17600|1.17600|3937500|2|1|0|1|0|||0|0
NormalTL_L_2760|2|1753379100|1753382700|1.17600|1.17600|3937500|2|1|0|1|0|||0|0
NormalTL_L_2774|2|1753371000|1753374600|1.17360|1.17360|3937500|2|1|0|1|0|||0|0
NormalTL_L_2794|2|1753295400|1753299000|1.17240|1.17240|3937500|2|1|0|1|0|||0|0
NormalTL_L_2800|2|1753288200|1753291800|1.17120|1.17120|3937500|2|1|0|1|0|||0|0
NormalTL_L_2811|2|1753245000|1753248600|1.17300|1.17300|3937500|2|1|0|1|0|||0|0
NormalTL_L_2833|2|1753197301|1753200901|1.16820|1.16820|3937500|2|1|0|1|0|||0|0
NormalTL_L_287|2|1763946900|1763950500|1.15020|1.15020|3937500|2|1|0|1|0|||0|0
NormalTL_L_292|2|1763747100|1763750700|1.14960|1.14960|3937500|2|1|0|1|0|||0|0
NormalTL_L_301|2|1763732700|1763736300|1.15020|1.15020|3937500|2|1|0|1|0|||0|0
NormalTL_L_312|2|1763678700|1763682300|1.15200|1.15200|3937500|2|1|0|1|0|||0|0
NormalTL_L_324|2|1763653500|1763657100|1.15200|1.15200|3937500|2|1|0|1|0|||0|0
NormalTL_L_331|2|1763649900|1763653500|1.15020|1.15020|3937500|2|1|0|1|0|||0|0
NormalTL_L_34|2|1765450800|1765454400|1.16880|1.16880|3937500|2|1|0|1|0|||0|0
NormalTL_L_340|2|1763586000|1763589600|1.15200|1.15200|3937500|2|1|0|1|0|||0|0
NormalTL_L_352|2|1763548200|1763551800|1.15680|1.15680|3937500|2|1|0|1|0|||0|0
NormalTL_L_366|2|1763468100|1763471700|1.15800|1.15800|3937500|2|1|0|1|0|||0|0
NormalTL_L_372|2|1763415000|1763418600|1.15800|1.15800|3937500|2|1|0|1|0|||0|0
NormalTL_L_38|2|1765428300|1765431900|1.16880|1.16880|3937500|2|1|0|1|0|||0|0
NormalTL_L_399|2|1763122500|1763126100|1.16100|1.16100|3937500|2|1|0|1|0|||0|0
NormalTL_L_411|2|1763078400|1763082000|1.16220|1.16220|3937500|2|1|0|1|0|||0|0
NormalTL_L_421|2|1763033401|1763037001|1.16100|1.16100|3937500|2|1|0|1|0|||0|0
NormalTL_L_460|2|1762795801|1762799401|1.15440|1.15440|3937500|2|1|0|1|0|||0|0
NormalTL_L_466|2|1762777800|1762781400|1.15560|1.15560|3937500|2|1|0|1|0|||0|0
NormalTL_L_474|2|1762736400|1762740000|1.15440|1.15440|3937500|2|1|0|1|0|||0|0
NormalTL_L_48|2|1765402202|1765405802|1.16520|1.16520|3937500|2|1|0|1|0|||0|0
NormalTL_L_488|2|1762483500|1762487100|1.15320|1.15320|3937500|2|1|0|1|0|||0|0
NormalTL_L_492|2|1762473600|1762477200|1.15320|1.15320|3937500|2|1|0|1|0|||0|0
NormalTL_L_498|2|1762446600|1762450200|1.15200|1.15200|3937500|2|1|0|1|0|||0|0
NormalTL_L_520|2|1762357500|1762361100|1.14720|1.14720|3937500|2|1|0|1|0|||0|0
NormalTL_L_527|2|1762282800|1762286400|1.14780|1.14780|3937500|2|1|0|1|0|||0|0
NormalTL_L_531|2|1762272000|1762275600|1.14780|1.14780|3937500|2|1|0|1|0|||0|0
NormalTL_L_535|2|1762265700|1762269300|1.14780|1.14780|3937500|2|1|0|1|0|||0|0
NormalTL_L_547|2|1762221600|1762225200|1.15020|1.15020|3937500|2|1|0|1|0|||0|0
NormalTL_L_56|2|1765400406|1765404006|1.16400|1.16400|3937500|2|1|0|1|0|||0|0
NormalTL_L_576|2|1761903900|1761907500|1.15560|1.15560|3937500|2|1|0|1|0|||0|0
NormalTL_L_587|2|1761839101|1761842701|1.15500|1.15500|3937500|2|1|0|1|0|||0|0
NormalTL_L_601|2|1761818400|1761822000|1.16100|1.16100|3937500|2|1|0|1|0|||0|0
NormalTL_L_612|2|1761775201|1761778801|1.15800|1.15800|3937500|2|1|0|1|0|||0|0
NormalTL_L_636|2|1761747300|1761750900|1.16280|1.16280|3937500|2|1|0|1|0|||0|0
NormalTL_L_641|2|1761726600|1761730200|1.16220|1.16220|3937500|2|1|0|1|0|||0|0
NormalTL_L_652|2|1761667200|1761670800|1.16280|1.16280|3937500|2|1|0|1|0|||0|0
NormalTL_L_659|2|1761648300|1761651900|1.16460|1.16460|3937500|2|1|0|1|0|||0|0
NormalTL_L_669|2|1761547500|1761551100|1.16220|1.16220|3937500|2|1|0|1|0|||0|0
NormalTL_L_699|2|1761224400|1761228000|1.15860|1.15860|3937500|2|1|0|1|0|||0|0
NormalTL_L_714|2|1761138900|1761142500|1.15800|1.15800|3937500|2|1|0|1|0|||0|0
NormalTL_L_720|2|1761091200|1761094800|1.15920|1.15920|3937500|2|1|0|1|0|||0|0
NormalTL_L_727|2|1761067800|1761071400|1.15980|1.15980|3937500|2|1|0|1|0|||0|0
NormalTL_L_745|2|1760994900|1760998500|1.16340|1.16340|3937500|2|1|0|1|0|||0|0
NormalTL_L_751|2|1760966100|1760969700|1.16460|1.16460|3937500|2|1|0|1|0|||0|0
NormalTL_L_763|2|1760720400|1760724000|1.16580|1.16580|3937500|2|1|0|1|0|||0|0
NormalTL_L_77|2|1765307700|1765311300|1.16220|1.16220|3937500|2|1|0|1|0|||0|0
NormalTL_L_777|2|1760696100|1760699700|1.16940|1.16940|3937500|2|1|0|1|0|||0|0
NormalTL_L_788|2|1760659200|1760662800|1.16760|1.16760|3937500|2|1|0|1|0|||0|0
NormalTL_L_799|2|1760608800|1760612400|1.16460|1.16460|3937500|2|1|0|1|0|||0|0
NormalTL_L_808|2|1760553901|1760557501|1.16280|1.16280|3937500|2|1|0|1|0|||0|0
NormalTL_L_814|2|1760535900|1760539500|1.16160|1.16160|3937500|2|1|0|1|0|||0|0
NormalTL_L_836|2|1760437801|1760441401|1.15440|1.15440|3937500|2|1|0|1|0|||0|0
NormalTL_L_84|2|1765299601|1765303201|1.16160|1.16160|3937500|2|1|0|1|0|||0|0
NormalTL_L_848|2|1760410800|1760414400|1.15560|1.15560|3937500|2|1|0|1|0|||0|0
NormalTL_L_872|2|1760317201|1760320801|1.15920|1.15920|3937500|2|1|0|1|0|||0|0
NormalTL_L_879|2|1760126400|1760130000|1.15980|1.15980|3937500|2|1|0|1|0|||0|0
NormalTL_L_910|2|1760046300|1760049900|1.15440|1.15440|3937500|2|1|0|1|0|||0|0
NormalTL_L_934|2|1760005800|1760009400|1.16040|1.16040|3937500|2|1|0|1|0|||0|0
NormalTL_L_948|2|1759949100|1759952700|1.16040|1.16040|3937500|2|1|0|1|0|||0|0
NormalTL_L_957|2|1759923901|1759927501|1.16100|1.16100|3937500|2|1|0|1|0|||0|0
NormalTL_L_963|2|1759909500|1759913100|1.16100|1.16100|3937500|2|1|0|1|0|||0|0
NormalTL_L_97|2|1765214100|1765217700|1.16220|1.16220|3937500|2|1|0|1|0|||0|0
NormalTL_L_999|2|1759752000|1759755600|1.16580|1.16580|3937500|2|1|0|1|0|||0|0
SpecialRect_H_1131|16|1759251602|1759260242|1.17480|1.17420|9498256|1|0|0|1|0|||0|0
SpecialRect_H_1168|16|1759120200|1759128840|1.17300|1.17240|9498256|1|0|0|1|0|||0|0
SpecialRect_H_1188|16|1758863700|1758872340|1.16820|1.16760|9498256|1|0|0|1|0|||0|0
SpecialRect_H_1267|16|1758546000|1758554640|1.17840|1.17780|9498256|1|0|0|1|0|||0|0
SpecialRect_H_1308|16|1758222000|1758230640|1.17900|1.17840|9498256|1|0|0|1|0|||0|0
SpecialRect_H_139|16|1764843300|1764851940|1.16760|1.16700|9498256|1|0|0|1|0|||0|0
SpecialRect_H_1476|16|1757608201|1757616841|1.17420|1.17360|9498256|1|0|0|1|0|||0|0
SpecialRect_H_1576|16|1757384100|1757392740|1.17780|1.17720|9498256|1|0|0|1|0|||0|0
SpecialRect_H_1778|16|1756489501|1756498141|1.17060|1.17000|9498256|1|0|0|1|0|||0|0
SpecialRect_H_1814|16|1756395001|1756403641|1.16820|1.16760|9498256|1|0|0|1|0|||0|0
SpecialRect_H_2071|16|1755276301|1755284941|1.17120|1.17060|9498256|1|0|0|1|0|||0|0
SpecialRect_H_2223|16|1754672400|1754681040|1.16640|1.16580|9498256|1|0|0|1|0|||0|0
SpecialRect_H_2370|16|1754320501|1754329141|1.15860|1.15800|9498256|1|0|0|1|0|||0|0
SpecialRect_H_2710|16|1753662600|1753671240|1.17660|1.17600|9498256|1|0|0|1|0|||0|0
SpecialRect_H_2782|16|1753305301|1753313941|1.17780|1.17720|9498256|1|0|0|1|0|||0|0
SpecialRect_H_2809|16|1753263900|1753272540|1.17480|1.17420|9498256|1|0|0|1|0|||0|0
SpecialRect_H_408|16|1763097300|1763105940|1.16460|1.16400|9498256|1|0|0|1|0|||0|0
SpecialRect_H_932|16|1760011200|1760019840|1.16220|1.16160|9498256|1|0|0|1|0|||0|0
SpecialRect_L_1119|16|1759267800|1759276440|1.17360|1.17300|13353215|1|0|0|1|0|||0|0
SpecialRect_L_1151|16|1759168800|1759177440|1.17240|1.17180|13353215|1|0|0|1|0|||0|0
SpecialRect_L_1164|16|1759144500|1759153140|1.17180|1.17120|13353215|1|0|0|1|0|||0|0
SpecialRect_L_1243|16|1758633300|1758641940|1.17960|1.17900|13353215|1|0|0|1|0|||0|0
SpecialRect_L_1277|16|1758499200|1758507840|1.17360|1.17300|13353215|1|0|0|1|0|||0|0
SpecialRect_L_1317|16|1758213003|1758221643|1.17600|1.17540|13353215|1|0|0|1|0|||0|0
SpecialRect_L_143|16|1764806400|1764815040|1.16640|1.16580|13353215|1|0|0|1|0|||0|0
SpecialRect_L_1472|16|1757623500|1757632140|1.17300|1.17240|13353215|1|0|0|1|0|||0|0
SpecialRect_L_1649|16|1757005200|1757013840|1.16400|1.16340|13353215|1|0|0|1|0|||0|0
SpecialRect_L_1655|16|1756999800|1757008440|1.16400|1.16340|13353215|1|0|0|1|0|||0|0
SpecialRect_L_1732|16|1756815300|1756823940|1.16340|1.16280|13353215|1|0|0|1|0|||0|0
SpecialRect_L_174|16|1764622800|1764631440|1.16100|1.16040|13353215|1|0|0|1|0|||0|0
SpecialRect_L_1758|16|1756742400|1756751040|1.17060|1.17000|13353215|1|0|0|1|0|||0|0
SpecialRect_L_1825|16|1756364400|1756373040|1.16400|1.16340|13353215|1|0|0|1|0|||0|0
SpecialRect_L_2016|16|1755708300|1755716940|1.16580|1.16520|13353215|1|0|0|1|0|||0|0
SpecialRect_L_2028|16|1755658800|1755667440|1.16340|1.16280|13353215|1|0|0|1|0|||0|0
SpecialRect_L_2149|16|1755024301|1755032941|1.16760|1.16700|13353215|1|0|0|1|0|||0|0
SpecialRect_L_2231|16|1754653500|1754662140|1.16400|1.16340|13353215|1|0|0|1|0|||0|0
SpecialRect_L_2342|16|1754390702|1754399342|1.15380|1.15320|13353215|1|0|0|1|0|||0|0
SpecialRect_L_2361|16|1754329501|1754338141|1.15680|1.15620|13353215|1|0|0|1|0|||0|0
SpecialRect_L_2415|16|1754084700|1754093340|1.15320|1.15260|13353215|1|0|0|1|0|||0|0
SpecialRect_L_2584|16|1753891200|1753899840|1.14660|1.14600|13353215|1|0|0|1|0|||0|0
SpecialRect_L_2654|16|1753782302|1753790942|1.15380|1.15320|13353215|1|0|0|1|0|||0|0
SpecialRect_L_273|16|1764003601|1764012241|1.15200|1.15140|13353215|1|0|0|1|0|||0|0
SpecialRect_L_359|16|1763488800|1763497440|1.15800|1.15740|13353215|1|0|0|1|0|||0|0
SpecialRect_L_438|16|1762945200|1762953840|1.15740|1.15680|13353215|1|0|0|1|0|||0|0
SpecialRect_L_5|16|1765575900|1765584540|1.17360|1.17300|13353215|1|0|0|1|0|||0|0
SpecialRect_L_516|16|1762362000|1762370640|1.14780|1.14720|13353215|1|0|0|1|0|||0|0
SpecialRect_L_558|16|1762166700|1762175340|1.15140|1.15080|13353215|1|0|0|1|0|||0|0
SpecialRect_L_681|16|1761322500|1761331140|1.16280|1.16220|13353215|1|0|0|1|0|||0|0
SpecialRect_L_70|16|1765368000|1765376640|1.16340|1.16280|13353215|1|0|0|1|0|||0|0
SpecialRect_L_758|16|1760743800|1760752440|1.16580|1.16520|13353215|1|0|0|1|0|||0|0
SpecialRect_L_897|16|1760105700|1760114340|1.15680|1.15620|13353215|1|0|0|1|0|||0|0
SpecialRect_L_979|16|1759839300|1759847940|1.16640|1.16580|13353215|1|0|0|1|0|||0|0
ZZ_H_1001|21|1759750200|0|1.16760|0.00000|25600|1|0|0|0|0|H||8|0|3|0|0|0
ZZ_H_1013|21|1759745700|0|1.17120|0.00000|25600|1|0|0|0|0|H||8|0|3|0|0|0
ZZ_H_1020|21|1759725900|0|1.17300|0.00000|25600|1|0|0|0|0|H||8|0|3|0|0|0
ZZ_H_1032|21|1759510800|0|1.17540|0.00000|25600|1|0|0|0|0|H||8|0|3|0|0|0
ZZ_H_104|21|1765180801|0|1.16700|0.00000|25600|1|0|0|0|0|H||8|0|3|0|0|0
ZZ_H_1045|21|1759435200|0|1.17240|0.00000|25600|1|0|0|0|0|H||8|0|3|0|0|0
ZZ_H_1060|21|1759399200|0|1.17540|0.00000|25600|1|0|0|0|0|H||8|0|3|0|0|0
ZZ_H_1076|21|1759339800|0|1.17540|0.00000|25600|1|0|0|0|0|H||8|0|3|0|0|0
ZZ_H_1086|21|1759331704|0|1.17660|0.00000|25600|1|0|0|0|0|H||8|0|3|0|0|0
ZZ_H_1102|21|1759316400|0|1.17660|0.00000|25600|1|0|0|0|0|H||8|0|3|0|0|0
ZZ_H_1108|21|1759311001|0|1.17780|0.00000|25600|1|0|0|0|0|H||8|0|3|0|0|0
ZZ_H_1123|21|1759261500|0|1.17600|0.00000|25600|1|0|0|0|0|H||8|0|3|0|0|0
ZZ_H_1131|21|1759251602|0|1.17480|0.00000|25600|1|0|0|0|0|H*||8|0|3|0|0|0
ZZ_H_1143|21|1759231800|0|1.17600|0.00000|25600|1|0|0|0|0|H||8|0|3|0|0|0
ZZ_H_1156|21|1759160701|0|1.17540|0.00000|25600|1|0|0|0|0|H||8|0|3|0|0|0
ZZ_H_1168|21|1759120200|0|1.17300|0.00000|25600|1|0|0|0|0|H*||8|0|3|0|0|0
ZZ_H_1188|21|1758863700|0|1.16820|0.00000|25600|1|0|0|0|0|H*||8|0|3|0|0|0
ZZ_H_1204|21|1758816000|0|1.17060|0.00000|25600|1|0|0|0|0|H||8|0|3|0|0|0
ZZ_H_1216|21|1758801600|0|1.17540|0.00000|25600|1|0|0|0|0|H||8|0|3|0|0|0
ZZ_H_122|21|1764925200|0|1.16700|0.00000|25600|1|0|0|0|0|H||8|0|3|0|0|0
ZZ_H_1234|21|1758656700|0|1.18140|0.00000|25600|1|0|0|0|0|H||8|0|3|0|0|0
ZZ_H_1245|21|1758627000|0|1.18080|0.00000|25600|1|0|0|0|0|H||8|0|3|0|0|0
ZZ_H_1256|21|1758600900|0|1.18140|0.00000|25600|1|0|0|0|0|H||8|0|3|0|0|0
ZZ_H_1267|21|1758546000|0|1.17840|0.00000|25600|1|0|0|0|0|H*||8|0|3|0|0|0
ZZ_H_1286|21|1758300300|0|1.17660|0.00000|25600|1|0|0|0|0|H||8|0|3|0|0|0
ZZ_H_1300|21|1758276900|0|1.17780|0.00000|25600|1|0|0|0|0|H||8|0|3|0|0|0
ZZ_H_1308|21|1758222000|0|1.17900|0.00000|25600|1|0|0|0|0|H*||8|0|3|0|0|0
ZZ_H_133|21|1764864900|0|1.16760|0.00000|25600|1|0|0|0|0|H||8|0|3|0|0|0
ZZ_H_1331|21|1758196800|0|1.18440|0.00000|25600|1|0|0|0|0|H||8|0|3|0|0|0
ZZ_H_1350|21|1758158100|0|1.18260|0.00000|25600|1|0|0|0|0|H||8|0|3|0|0|0
ZZ_H_1359|21|1758146403|0|1.18560|0.00000|25600|1|0|0|0|0|H||8|0|3|0|0|0
ZZ_H_1381|21|1758142808|0|1.19160|0.00000|25600|1|0|0|0|0|H||8|0|3|0|0|0
ZZ_H_139|21|1764843300|0|1.16760|0.00000|25600|1|0|0|0|0|H*||8|0|3|0|0|0
ZZ_H_1399|21|1758070800|0|1.18680|0.00000|25600|1|0|0|0|0|H||8|0|3|0|0|0
ZZ_H_1404|21|1758051000|0|1.18740|0.00000|25600|1|0|0|0|0|H||8|0|3|0|0|0
ZZ_H_1425|21|1758033000|0|1.18200|0.00000|25600|1|0|0|0|0|H||8|0|3|0|0|0
ZZ_H_1443|21|1757948400|0|1.17720|0.00000|25600|1|0|0|0|0|H||8|0|3|0|0|0
ZZ_H_145|21|1764791100|0|1.16760|0.00000|25600|1|0|0|0|0|H||8|0|3|0|0|0
ZZ_H_1455|21|1757706300|0|1.17360|0.00000|25600|1|0|0|0|0|H||8|0|3|0|0|0
ZZ_H_1468|21|1757670300|0|1.17420|0.00000|25600|1|0|0|0|0|H||8|0|3|0|0|0
ZZ_H_1476|21|1757608201|0|1.17420|0.00000|25600|1|0|0|0|0|H*||8|0|3|0|0|0
ZZ_H_1481|21|1757606401|0|1.17360|0.00000|25600|1|0|0|0|0|H||8|0|3|0|0|0
ZZ_H_1490|21|1757604607|0|1.17180|0.00000|25600|1|0|0|0|0|H||8|0|3|0|0|0
ZZ_H_1504|21|1757552400|0|1.17060|0.00000|25600|1|0|0|0|0|H||8|0|3|0|0|0
ZZ_H_1512|21|1757521801|0|1.17300|0.00000|25600|1|0|0|0|0|H||8|0|3|0|0|0
ZZ_H_1521|21|1757518202|0|1.17240|0.00000|25600|1|0|0|0|0|H||8|0|3|0|0|0
ZZ_H_1527|21|1757506500|0|1.17120|0.00000|25600|1|0|0|0|0|H||8|0|3|0|0|0
ZZ_H_1536|21|1757488500|0|1.17180|0.00000|25600|1|0|0|0|0|H||8|0|3|0|0|0
ZZ_H_1553|21|1757437204|0|1.17600|0.00000|25600|1|0|0|0|0|H||8|0|3|0|0|0
ZZ_H_1559|21|1757434500|0|1.17480|0.00000|25600|1|0|0|0|0|H||8|0|3|0|0|0
ZZ_H_1567|21|1757419200|0|1.17720|0.00000|25600|1|0|0|0|0|H||8|0|3|0|0|0
ZZ_H_1576|21|1757384100|0|1.17780|0.00000|25600|1|0|0|0|0|H*||8|0|3|0|0|0
ZZ_H_1584|21|1757347201|0|1.17540|0.00000|25600|1|0|0|0|0|H||8|0|3|0|0|0
ZZ_H_1590|21|1757329200|0|1.17420|0.00000|25600|1|0|0|0|0|H||8|0|3|0|0|0
ZZ_H_1602|21|1757095201|0|1.17540|0.00000|25600|1|0|0|0|0|H||8|0|3|0|0|0
ZZ_H_1610|21|1757090701|0|1.17540|0.00000|25600|1|0|0|0|0|H||8|0|3|0|0|0
ZZ_H_1621|21|1757086206|0|1.17480|0.00000|25600|1|0|0|0|0|H||8|0|3|0|0|0
ZZ_H_1643|21|1757020500|0|1.16520|0.00000|25600|1|0|0|0|0|H||8|0|3|0|0|0
ZZ_H_1651|21|1757001600|0|1.16520|0.00000|25600|1|0|0|0|0|H||8|0|3|0|0|0
ZZ_H_1660|21|1756990800|0|1.16580|0.00000|25600|1|0|0|0|0|H||8|0|3|0|0|0
ZZ_H_1672|21|1756922400|0|1.16820|0.00000|25600|1|0|0|0|0|H||8|0|3|0|0|0
ZZ_H_1682|21|1756910700|0|1.16580|0.00000|25600|1|0|0|0|0|H||8|0|3|0|0|0
ZZ_H_1687|21|1756900800|0|1.16640|0.00000|25600|1|0|0|0|0|H||8|0|3|0|0|0
ZZ_H_1699|21|1756887300|0|1.16400|0.00000|25600|1|0|0|0|0|H||8|0|3|0|0|0
ZZ_H_170|21|1764685800|0|1.16220|0.00000|25600|1|0|0|0|0|H||8|0|3|0|0|0
ZZ_H_1712|21|1756832404|0|1.16820|0.00000|25600|1|0|0|0|0|H||8|0|3|0|0|0
ZZ_H_1727|21|1756824300|0|1.16520|0.00000|25600|1|0|0|0|0|H||8|0|3|0|0|0
ZZ_H_1735|21|1756812600|0|1.16520|0.00000|25600|1|0|0|0|0|H||8|0|3|0|0|0
ZZ_H_1748|21|1756803600|0|1.17060|0.00000|25600|1|0|0|0|0|H||8|0|3|0|0|0
ZZ_H_1754|21|1756774800|0|1.17180|0.00000|25600|1|0|0|0|0|H||8|0|3|0|0|0
ZZ_H_1763|21|1756727100|0|1.17360|0.00000|25600|1|0|0|0|0|H||8|0|3|0|0|0
ZZ_H_1778|21|1756489501|0|1.17060|0.00000|25600|1|0|0|0|0|H*||8|0|3|0|0|0
ZZ_H_1793|21|1756467000|0|1.16880|0.00000|25600|1|0|0|0|0|H||8|0|3|0|0|0
ZZ_H_1802|21|1756410300|0|1.16940|0.00000|25600|1|0|0|0|0|H||8|0|3|0|0|0
ZZ_H_1808|21|1756399500|0|1.16820|0.00000|25600|1|0|0|0|0|H||8|0|3|0|0|0
ZZ_H_181|21|1764600301|0|1.16520|0.00000|25600|1|0|0|0|0|H||8|0|3|0|0|0
ZZ_H_1814|21|1756395001|0|1.16820|0.00000|25600|1|0|0|0|0|H*||8|0|3|0|0|0
ZZ_H_1827|21|1756348200|0|1.16520|0.00000|25600|1|0|0|0|0|H||8|0|3|0|0|0
ZZ_H_1833|21|1756323901|0|1.16400|0.00000|25600|1|0|0|0|0|H||8|0|3|0|0|0
ZZ_H_1869|21|1756228500|0|1.16640|0.00000|25600|1|0|0|0|0|H||8|0|3|0|0|0
ZZ_H_1874|21|1756218600|0|1.16580|0.00000|25600|1|0|0|0|0|H||8|0|3|0|0|0
ZZ_H_1883|21|1756204201|0|1.16280|0.00000|25600|1|0|0|0|0|H||8|0|3|0|0|0
ZZ_H_1898|21|1756178100|0|1.16580|0.00000|25600|1|0|0|0|0|H||8|0|3|0|0|0
ZZ_H_192|21|1764550800|0|1.16100|0.00000|25600|1|0|0|0|0|H||8|0|3|0|0|0
ZZ_H_1924|21|1756133100|0|1.17060|0.00000|25600|1|0|0|0|0|H||8|0|3|0|0|0
ZZ_H_1930|21|1756112400|0|1.17180|0.00000|25600|1|0|0|0|0|H||8|0|3|0|0|0
ZZ_H_1940|21|1755893700|0|1.17420|0.00000|25600|1|0|0|0|0|H||8|0|3|0|0|0
ZZ_H_1946|21|1755885600|0|1.17300|0.00000|25600|1|0|0|0|0|H||8|0|3|0|0|0
ZZ_H_1971|21|1755874800|0|1.16160|0.00000|25600|1|0|0|0|0|H||8|0|3|0|0|0
ZZ_H_1979|21|1755824400|0|1.16160|0.00000|25600|1|0|0|0|0|H||8|0|3|0|0|0
ZZ_H_1988|21|1755800100|0|1.16220|0.00000|25600|1|0|0|0|0|H||8|0|3|0|0|0
ZZ_H_2002|21|1755772201|0|1.16580|0.00000|25600|1|0|0|0|0|H||8|0|3|0|0|0
ZZ_H_2012|21|1755720000|0|1.16700|0.00000|25600|1|0|0|0|0|H||8|0|3|0|0|0
ZZ_H_2018|21|1755703801|0|1.16700|0.00000|25600|1|0|0|0|0|H||8|0|3|0|0|0
ZZ_H_2037|21|1755600300|0|1.16880|0.00000|25600|1|0|0|0|0|H||8|0|3|0|0|0
ZZ_H_2050|21|1755565200|0|1.16700|0.00000|25600|1|0|0|0|0|H||8|0|3|0|0|0
ZZ_H_2071|21|1755276301|0|1.17120|0.00000|25600|1|0|0|0|0|H*||8|0|3|0|0|0
ZZ_H_2077|21|1755272701|0|1.17000|0.00000|25600|1|0|0|0|0|H||8|0|3|0|0|0
ZZ_H_208|21|1764257400|0|1.15980|0.00000|25600|1|0|0|0|0|H||8|0|3|0|0|0
ZZ_H_2083|21|1755271800|0|1.17000|0.00000|25600|1|0|0|0|0|H||8|0|3|0|0|0
ZZ_H_2097|21|1755191701|0|1.16640|0.00000|25600|1|0|0|0|0|H||8|0|3|0|0|0
ZZ_H_21|21|1765475100|0|1.17600|0.00000|25600|1|0|0|0|0|H||8|0|3|0|0|0
ZZ_H_2108|21|1755186302|0|1.16820|0.00000|25600|1|0|0|0|0|H||8|0|3|0|0|0
ZZ_H_2118|21|1755177300|0|1.16940|0.00000|25600|1|0|0|0|0|H||8|0|3|0|0|0
ZZ_H_2130|21|1755105300|0|1.17180|0.00000|25600|1|0|0|0|0|H||8|0|3|0|0|0
ZZ_H_2138|21|1755087300|0|1.17300|0.00000|25600|1|0|0|0|0|H||8|0|3|0|0|0
ZZ_H_214|21|1764208800|0|1.16100|0.00000|25600|1|0|0|0|0|H||8|0|3|0|0|0
ZZ_H_2152|21|1755023401|0|1.16940|0.00000|25600|1|0|0|0|0|H||8|0|3|0|0|0
ZZ_H_2163|21|1755017103|0|1.16640|0.00000|25600|1|0|0|0|0|H||8|0|3|0|0|0
ZZ_H_2168|21|1755016203|0|1.16580|0.00000|25600|1|0|0|0|0|H||8|0|3|0|0|0
ZZ_H_2179|21|1755013502|0|1.16520|0.00000|25600|1|0|0|0|0|H||8|0|3|0|0|0
ZZ_H_2183|21|1755012605|0|1.16520|0.00000|25600|1|0|0|0|0|H||8|0|3|0|0|0
ZZ_H_2195|21|1754973000|0|1.16280|0.00000|25600|1|0|0|0|0|H||8|0|3|0|0|0
ZZ_H_2214|21|1754888400|0|1.16700|0.00000|25600|1|0|0|0|0|H||8|0|3|0|0|0
ZZ_H_2223|21|1754672400|0|1.16640|0.00000|25600|1|0|0|0|0|H*||8|0|3|0|0|0
ZZ_H_2235|21|1754647200|0|1.16640|0.00000|25600|1|0|0|0|0|H||8|0|3|0|0|0
ZZ_H_2243|21|1754614800|0|1.16760|0.00000|25600|1|0|0|0|0|H||8|0|3|0|0|0
ZZ_H_2255|21|1754590501|0|1.16400|0.00000|25600|1|0|0|0|0|H||8|0|3|0|0|0
ZZ_H_2266|21|1754584200|0|1.16580|0.00000|25600|1|0|0|0|0|H||8|0|3|0|0|0
ZZ_H_2270|21|1754579700|0|1.16580|0.00000|25600|1|0|0|0|0|H||8|0|3|0|0|0
ZZ_H_2282|21|1754563500|0|1.16940|0.00000|25600|1|0|0|0|0|H||8|0|3|0|0|0
ZZ_H_2293|21|1754514000|0|1.16640|0.00000|25600|1|0|0|0|0|H||8|0|3|0|0|0
ZZ_H_2324|21|1754417700|0|1.15860|0.00000|25600|1|0|0|0|0|H||8|0|3|0|0|0
ZZ_H_233|21|1764130500|0|1.15920|0.00000|25600|1|0|0|0|0|H||8|0|3|0|0|0
ZZ_H_2333|21|1754413200|0|1.15560|0.00000|25600|1|0|0|0|0|H||8|0|3|0|0|0
ZZ_H_2346|21|1754385300|0|1.15620|0.00000|25600|1|0|0|0|0|H||8|0|3|0|0|0
ZZ_H_2354|21|1754357400|0|1.15860|0.00000|25600|1|0|0|0|0|H||8|0|3|0|0|0
ZZ_H_2364|21|1754327700|0|1.15860|0.00000|25600|1|0|0|0|0|H||8|0|3|0|0|0
ZZ_H_2370|21|1754320501|0|1.15860|0.00000|25600|1|0|0|0|0|H*||8|0|3|0|0|0
ZZ_H_2376|21|1754316000|0|1.15860|0.00000|25600|1|0|0|0|0|H||8|0|3|0|0|0
ZZ_H_2382|21|1754308801|0|1.15740|0.00000|25600|1|0|0|0|0|H||8|0|3|0|0|0
ZZ_H_2392|21|1754287200|0|1.15860|0.00000|25600|1|0|0|0|0|H||8|0|3|0|0|0
ZZ_H_240|21|1764098100|0|1.15860|0.00000|25600|1|0|0|0|0|H||8|0|3|0|0|0
ZZ_H_2401|21|1754090100|0|1.15920|0.00000|25600|1|0|0|0|0|H||8|0|3|0|0|0
ZZ_H_2417|21|1754082901|0|1.15440|0.00000|25600|1|0|0|0|0|H||8|0|3|0|0|0
ZZ_H_2426|21|1754075701|0|1.15620|0.00000|25600|1|0|0|0|0|H||8|0|3|0|0|0
ZZ_H_2430|21|1754073900|0|1.15620|0.00000|25600|1|0|0|0|0|H||8|0|3|0|0|0
ZZ_H_2440|21|1754067602|0|1.15860|0.00000|25600|1|0|0|0|0|H||8|0|3|0|0|0
ZZ_H_2447|21|1754065800|0|1.15800|0.00000|25600|1|0|0|0|0|H||8|0|3|0|0|0
ZZ_H_2454|21|1754064003|0|1.15620|0.00000|25600|1|0|0|0|0|H||8|0|3|0|0|0
ZZ_H_2459|21|1754063102|0|1.15560|0.00000|25600|1|0|0|0|0|H||8|0|3|0|0|0
ZZ_H_2488|21|1754055000|0|1.14180|0.00000|25600|1|0|0|0|0|H||8|0|3|0|0|0
ZZ_H_249|21|1764090000|0|1.15800|0.00000|25600|1|0|0|0|0|H||8|0|3|0|0|0
ZZ_H_2497|21|1754037900|0|1.14360|0.00000|25600|1|0|0|0|0|H||8|0|3|0|0|0
ZZ_H_2513|21|1753983002|0|1.14480|0.00000|25600|1|0|0|0|0|H||8|0|3|0|0|0
ZZ_H_2523|21|1753970400|0|1.14480|0.00000|25600|1|0|0|0|0|H||8|0|3|0|0|0
ZZ_H_2530|21|1753958701|0|1.14540|0.00000|25600|1|0|0|0|0|H||8|0|3|0|0|0
ZZ_H_2535|21|1753955100|0|1.14600|0.00000|25600|1|0|0|0|0|H||8|0|3|0|0|0
ZZ_H_2545|21|1753929900|0|1.14360|0.00000|25600|1|0|0|0|0|H||8|0|3|0|0|0
ZZ_H_2568|21|1753911001|0|1.15020|0.00000|25600|1|0|0|0|0|H||8|0|3|0|0|0
ZZ_H_2573|21|1753909201|0|1.14960|0.00000|25600|1|0|0|0|0|H||8|0|3|0|0|0
ZZ_H_2579|21|1753895700|0|1.14840|0.00000|25600|1|0|0|0|0|H||8|0|3|0|0|0
ZZ_H_258|21|1764083700|0|1.15620|0.00000|25600|1|0|0|0|0|H||8|0|3|0|0|0
ZZ_H_2601|21|1753869600|0|1.15680|0.00000|25600|1|0|0|0|0|H||8|0|3|0|0|0
ZZ_H_2607|21|1753845300|0|1.15680|0.00000|25600|1|0|0|0|0|H||8|0|3|0|0|0
ZZ_H_2615|21|1753820100|0|1.15560|0.00000|25600|1|0|0|0|0|H||8|0|3|0|0|0
ZZ_H_2621|21|1753810200|0|1.15440|0.00000|25600|1|0|0|0|0|H||8|0|3|0|0|0
ZZ_H_2626|21|1753808401|0|1.15500|0.00000|25600|1|0|0|0|0|H||8|0|3|0|0|0
ZZ_H_263|21|1764081002|0|1.15560|0.00000|25600|1|0|0|0|0|H||8|0|3|0|0|0
ZZ_H_2642|21|1753791300|0|1.15860|0.00000|25600|1|0|0|0|0|H||8|0|3|0|0|0
ZZ_H_2674|21|1753722900|0|1.16460|0.00000|25600|1|0|0|0|0|H||8|0|3|0|0|0
ZZ_H_2681|21|1753714800|0|1.16640|0.00000|25600|1|0|0|0|0|H||8|0|3|0|0|0
ZZ_H_2710|21|1753662600|0|1.17660|0.00000|25600|1|0|0|0|0|H*||8|0|3|0|0|0
ZZ_H_2724|21|1753460101|0|1.17300|0.00000|25600|1|0|0|0|0|H||8|0|3|0|0|0
ZZ_H_2739|21|1753435800|0|1.17600|0.00000|25600|1|0|0|0|0|H||8|0|3|0|0|0
ZZ_H_2744|21|1753404300|0|1.17540|0.00000|25600|1|0|0|0|0|H||8|0|3|0|0|0
ZZ_H_2754|21|1753389000|0|1.17780|0.00000|25600|1|0|0|0|0|H||8|0|3|0|0|0
ZZ_H_2758|21|1753380900|0|1.17780|0.00000|25600|1|0|0|0|0|H||8|0|3|0|0|0
ZZ_H_2765|21|1753376401|0|1.17840|0.00000|25600|1|0|0|0|0|H||8|0|3|0|0|0
ZZ_H_278|21|1763991900|0|1.15500|0.00000|25600|1|0|0|0|0|H||8|0|3|0|0|0
ZZ_H_2782|21|1753305301|0|1.17780|0.00000|25600|1|0|0|0|0|H*||8|0|3|0|0|0
ZZ_H_2796|21|1753291800|0|1.17420|0.00000|25600|1|0|0|0|0|H||8|0|3|0|0|0
ZZ_H_2809|21|1753263900|0|1.17480|0.00000|25600|1|0|0|0|0|H*||8|0|3|0|0|0
ZZ_H_2821|21|1753210800|0|1.17600|0.00000|25600|1|0|0|0|0|H||8|0|3|0|0|0
ZZ_H_2836|21|1753183800|0|1.17060|0.00000|25600|1|0|0|0|0|H||8|0|3|0|0|0
ZZ_H_289|21|1763760600|0|1.15200|0.00000|25600|1|0|0|0|0|H||8|0|3|0|0|0
ZZ_H_298|21|1763735401|0|1.15260|0.00000|25600|1|0|0|0|0|H||8|0|3|0|0|0
ZZ_H_308|21|1763712900|0|1.15500|0.00000|25600|1|0|0|0|0|H||8|0|3|0|0|0
ZZ_H_320|21|1763655300|0|1.15500|0.00000|25600|1|0|0|0|0|H||8|0|3|0|0|0
ZZ_H_326|21|1763652604|0|1.15380|0.00000|25600|1|0|0|0|0|H||8|0|3|0|0|0
ZZ_H_338|21|1763595000|0|1.15380|0.00000|25600|1|0|0|0|0|H||8|0|3|0|0|0
ZZ_H_350|21|1763558100|0|1.15860|0.00000|25600|1|0|0|0|0|H||8|0|3|0|0|0
ZZ_H_355|21|1763535600|0|1.15920|0.00000|25600|1|0|0|0|0|H||8|0|3|0|0|0
ZZ_H_36|21|1765445400|0|1.17060|0.00000|25600|1|0|0|0|0|H||8|0|3|0|0|0
ZZ_H_363|21|1763478900|0|1.16040|0.00000|25600|1|0|0|0|0|H||8|0|3|0|0|0
ZZ_H_369|21|1763446500|0|1.16040|0.00000|25600|1|0|0|0|0|H||8|0|3|0|0|0
ZZ_H_393|21|1763131500|0|1.16520|0.00000|25600|1|0|0|0|0|H||8|0|3|0|0|0
ZZ_H_40|21|1765415700|0|1.17060|0.00000|25600|1|0|0|0|0|H||8|0|3|0|0|0
ZZ_H_408|21|1763097300|0|1.16460|0.00000|25600|1|0|0|0|0|H*||8|0|3|0|0|0
ZZ_H_415|21|1763058600|0|1.16520|0.00000|25600|1|0|0|0|0|H||8|0|3|0|0|0
ZZ_H_424|21|1763030701|0|1.16340|0.00000|25600|1|0|0|0|0|H||8|0|3|0|0|0
ZZ_H_445|21|1762874103|0|1.16040|0.00000|25600|1|0|0|0|0|H||8|0|3|0|0|0
ZZ_H_464|21|1762784100|0|1.15740|0.00000|25600|1|0|0|0|0|H||8|0|3|0|0|0
ZZ_H_469|21|1762769700|0|1.15800|0.00000|25600|1|0|0|0|0|H||8|0|3|0|0|0
ZZ_H_480|21|1762534800|0|1.15860|0.00000|25600|1|0|0|0|0|H||8|0|3|0|0|0
ZZ_H_490|21|1762474500|0|1.15500|0.00000|25600|1|0|0|0|0|H||8|0|3|0|0|0
ZZ_H_494|21|1762459200|0|1.15500|0.00000|25600|1|0|0|0|0|H||8|0|3|0|0|0
ZZ_H_501|21|1762443000|0|1.15440|0.00000|25600|1|0|0|0|0|H||8|0|3|0|0|0
ZZ_H_51|21|1765401303|0|1.16760|0.00000|25600|1|0|0|0|0|H||8|0|3|0|0|0
ZZ_H_518|21|1762360200|0|1.14900|0.00000|25600|1|0|0|0|0|H||8|0|3|0|0|0
ZZ_H_525|21|1762313400|0|1.14960|0.00000|25600|1|0|0|0|0|H||8|0|3|0|0|0
ZZ_H_529|21|1762278300|0|1.14960|0.00000|25600|1|0|0|0|0|H||8|0|3|0|0|0
ZZ_H_533|21|1762268400|0|1.14960|0.00000|25600|1|0|0|0|0|H||8|0|3|0|0|0
ZZ_H_543|21|1762245000|0|1.15320|0.00000|25600|1|0|0|0|0|H||8|0|3|0|0|0
ZZ_H_551|21|1762192800|0|1.15320|0.00000|25600|1|0|0|0|0|H||8|0|3|0|0|0
ZZ_H_574|21|1761910200|0|1.15740|0.00000|25600|1|0|0|0|0|H||8|0|3|0|0|0
ZZ_H_582|21|1761843600|0|1.15860|0.00000|25600|1|0|0|0|0|H||8|0|3|0|0|0
ZZ_H_599|21|1761826500|0|1.16280|0.00000|25600|1|0|0|0|0|H||8|0|3|0|0|0
ZZ_H_604|21|1761808501|0|1.16340|0.00000|25600|1|0|0|0|0|H||8|0|3|0|0|0
ZZ_H_61|21|1765400401|0|1.16760|0.00000|25600|1|0|0|0|0|H||8|0|3|0|0|0
ZZ_H_631|21|1761763500|0|1.16640|0.00000|25600|1|0|0|0|0|H||8|0|3|0|0|0
ZZ_H_638|21|1761741900|0|1.16460|0.00000|25600|1|0|0|0|0|H||8|0|3|0|0|0
ZZ_H_647|21|1761672600|0|1.16640|0.00000|25600|1|0|0|0|0|H||8|0|3|0|0|0
ZZ_H_657|21|1761654600|0|1.16640|0.00000|25600|1|0|0|0|0|H||8|0|3|0|0|0
ZZ_H_661|21|1761621300|0|1.16640|0.00000|25600|1|0|0|0|0|H||8|0|3|0|0|0
ZZ_H_672|21|1761537600|0|1.16460|0.00000|25600|1|0|0|0|0|H||8|0|3|0|0|0
ZZ_H_684|21|1761319803|0|1.16460|0.00000|25600|1|0|0|0|0|H||8|0|3|0|0|0
ZZ_H_7|21|1765566900|0|1.17480|0.00000|25600|1|0|0|0|0|H||8|0|3|0|0|0
ZZ_H_708|21|1761156000|0|1.16220|0.00000|25600|1|0|0|0|0|H||8|0|3|0|0|0
ZZ_H_718|21|1761093900|0|1.16100|0.00000|25600|1|0|0|0|0|H||8|0|3|0|0|0
ZZ_H_724|21|1761070500|0|1.16220|0.00000|25600|1|0|0|0|0|H||8|0|3|0|0|0
ZZ_H_73|21|1765359900|0|1.16520|0.00000|25600|1|0|0|0|0|H||8|0|3|0|0|0
ZZ_H_743|21|1761015600|0|1.16520|0.00000|25600|1|0|0|0|0|H||8|0|3|0|0|0
ZZ_H_749|21|1760972400|0|1.16640|0.00000|25600|1|0|0|0|0|H||8|0|3|0|0|0
ZZ_H_754|21|1760931900|0|1.16700|0.00000|25600|1|0|0|0|0|H||8|0|3|0|0|0
ZZ_H_761|21|1760722200|0|1.16760|0.00000|25600|1|0|0|0|0|H||8|0|3|0|0|0
ZZ_H_775|21|1760697000|0|1.17120|0.00000|25600|1|0|0|0|0|H||8|0|3|0|0|0
ZZ_H_781|21|1760689800|0|1.17240|0.00000|25600|1|0|0|0|0|H||8|0|3|0|0|0
ZZ_H_79|21|1765301400|0|1.16400|0.00000|25600|1|0|0|0|0|H||8|0|3|0|0|0
ZZ_H_790|21|1760644801|0|1.16940|0.00000|25600|1|0|0|0|0|H||8|0|3|0|0|0
ZZ_H_802|21|1760585401|0|1.16700|0.00000|25600|1|0|0|0|0|H||8|0|3|0|0|0
ZZ_H_810|21|1760553000|0|1.16460|0.00000|25600|1|0|0|0|0|H||8|0|3|0|0|0
ZZ_H_817|21|1760521500|0|1.16400|0.00000|25600|1|0|0|0|0|H||8|0|3|0|0|0
ZZ_H_843|21|1760426100|0|1.15920|0.00000|25600|1|0|0|0|0|H||8|0|3|0|0|0
ZZ_H_867|21|1760331600|0|1.16280|0.00000|25600|1|0|0|0|0|H||8|0|3|0|0|0
ZZ_H_876|21|1760139900|0|1.16220|0.00000|25600|1|0|0|0|0|H||8|0|3|0|0|0
ZZ_H_885|21|1760120100|0|1.16280|0.00000|25600|1|0|0|0|0|H||8|0|3|0|0|0
ZZ_H_89|21|1765275300|0|1.16520|0.00000|25600|1|0|0|0|0|H||8|0|3|0|0|0
ZZ_H_900|21|1760093100|0|1.15860|0.00000|25600|1|0|0|0|0|H||8|0|3|0|0|0
ZZ_H_932|21|1760011200|0|1.16220|0.00000|25600|1|0|0|0|0|H*||8|0|3|0|0|0
ZZ_H_940|21|1759980600|0|1.16460|0.00000|25600|1|0|0|0|0|H||8|0|3|0|0|0
ZZ_H_953|21|1759931100|0|1.16400|0.00000|25600|1|0|0|0|0|H||8|0|3|0|0|0
ZZ_H_960|21|1759919401|0|1.16340|0.00000|25600|1|0|0|0|0|H||8|0|3|0|0|0
ZZ_H_975|21|1759860000|0|1.16760|0.00000|25600|1|0|0|0|0|H||8|0|3|0|0|0
ZZ_H_990|21|1759772700|0|1.17180|0.00000|25600|1|0|0|0|0|H||8|0|3|0|0|0
ZZ_L_1004|21|1759748400|0|1.16520|0.00000|3937500|1|0|0|0|0|L||8|0|7|0|0|0
ZZ_L_1015|21|1759743000|0|1.16940|0.00000|3937500|1|0|0|0|0|L||8|0|7|0|0|0
ZZ_L_1022|21|1759708802|0|1.17120|0.00000|3937500|1|0|0|0|0|L||8|0|7|0|0|0
ZZ_L_1042|21|1759449601|0|1.17000|0.00000|3937500|1|0|0|0|0|L||8|0|7|0|0|0
ZZ_L_1050|21|1759428900|0|1.16880|0.00000|3937500|1|0|0|0|0|L||8|0|7|0|0|0
ZZ_L_1069|21|1759342501|0|1.17180|0.00000|3937500|1|0|0|0|0|L||8|0|7|0|0|0
ZZ_L_1078|21|1759338001|0|1.17360|0.00000|3937500|1|0|0|0|0|L||8|0|7|0|0|0
ZZ_L_1095|21|1759324500|0|1.17180|0.00000|3937500|1|0|0|0|0|L||8|0|7|0|0|0
ZZ_L_1104|21|1759313702|0|1.17480|0.00000|3937500|1|0|0|0|0|L||8|0|7|0|0|0
ZZ_L_1119|21|1759267800|0|1.17300|0.00000|3937500|1|0|0|0|0|L*||8|0|7|0|0|0
ZZ_L_112|21|1764957601|0|1.16280|0.00000|3937500|1|0|0|0|0|L||8|0|7|0|0|0
ZZ_L_1127|21|1759255200|0|1.17300|0.00000|3937500|1|0|0|0|0|L||8|0|7|0|0|0
ZZ_L_1137|21|1759248001|0|1.17180|0.00000|3937500|1|0|0|0|0|L||8|0|7|0|0|0
ZZ_L_1151|21|1759168800|0|1.17180|0.00000|3937500|1|0|0|0|0|L*||8|0|7|0|0|0
ZZ_L_1164|21|1759144500|0|1.17120|0.00000|3937500|1|0|0|0|0|L*||8|0|7|0|0|0
ZZ_L_1184|21|1758893400|0|1.16640|0.00000|3937500|1|0|0|0|0|L||8|0|7|0|0|0
ZZ_L_1193|21|1758834000|0|1.16460|0.00000|3937500|1|0|0|0|0|L||8|0|7|0|0|0
ZZ_L_1206|21|1758815100|0|1.16880|0.00000|3937500|1|0|0|0|0|L||8|0|7|0|0|0
ZZ_L_1221|21|1758729600|0|1.17300|0.00000|3937500|1|0|0|0|0|L||8|0|7|0|0|0
ZZ_L_1243|21|1758633300|0|1.17900|0.00000|3937500|1|0|0|0|0|L*||8|0|7|0|0|0
ZZ_L_1249|21|1758622500|0|1.17780|0.00000|3937500|1|0|0|0|0|L||8|0|7|0|0|0
ZZ_L_126|21|1764887400|0|1.16400|0.00000|3937500|1|0|0|0|0|L||8|0|7|0|0|0
ZZ_L_1263|21|1758559500|0|1.17660|0.00000|3937500|1|0|0|0|0|L||8|0|7|0|0|0
ZZ_L_1277|21|1758499200|0|1.17300|0.00000|3937500|1|0|0|0|0|L*||8|0|7|0|0|0
ZZ_L_1291|21|1758293101|0|1.17300|0.00000|3937500|1|0|0|0|0|L||8|0|7|0|0|0
ZZ_L_1302|21|1758274200|0|1.17600|0.00000|3937500|1|0|0|0|0|L||8|0|7|0|0|0
ZZ_L_1317|21|1758213003|0|1.17540|0.00000|3937500|1|0|0|0|0|L*||8|0|7|0|0|0
ZZ_L_1342|21|1758185100|0|1.17840|0.00000|3937500|1|0|0|0|0|L||8|0|7|0|0|0
ZZ_L_135|21|1764861300|0|1.16580|0.00000|3937500|1|0|0|0|0|L||8|0|7|0|0|0
ZZ_L_1352|21|1758150901|0|1.18080|0.00000|3937500|1|0|0|0|0|L||8|0|7|0|0|0
ZZ_L_1364|21|1758145503|0|1.18200|0.00000|3937500|1|0|0|0|0|L||8|0|7|0|0|0
ZZ_L_1395|21|1758103201|0|1.18380|0.00000|3937500|1|0|0|0|0|L||8|0|7|0|0|0
ZZ_L_14|21|1765536300|0|1.17240|0.00000|3937500|1|0|0|0|0|L||8|0|7|0|0|0
ZZ_L_1401|21|1758067200|0|1.18500|0.00000|3937500|1|0|0|0|0|L||8|0|7|0|0|0
ZZ_L_1421|21|1758036600|0|1.17900|0.00000|3937500|1|0|0|0|0|L||8|0|7|0|0|0
ZZ_L_143|21|1764806400|0|1.16580|0.00000|3937500|1|0|0|0|0|L*||8|0|7|0|0|0
ZZ_L_1441|21|1757952900|0|1.17540|0.00000|3937500|1|0|0|0|0|L||8|0|7|0|0|0
ZZ_L_1453|21|1757894400|0|1.17180|0.00000|3937500|1|0|0|0|0|L||8|0|7|0|0|0
ZZ_L_1461|21|1757690100|0|1.17060|0.00000|3937500|1|0|0|0|0|L||8|0|7|0|0|0
ZZ_L_1472|21|1757623500|0|1.17240|0.00000|3937500|1|0|0|0|0|L*||8|0|7|0|0|0
ZZ_L_1479|21|1757607300|0|1.17180|0.00000|3937500|1|0|0|0|0|L||8|0|7|0|0|0
ZZ_L_1487|21|1757605501|0|1.16940|0.00000|3937500|1|0|0|0|0|L||8|0|7|0|0|0
ZZ_L_1498|21|1757603701|0|1.16640|0.00000|3937500|1|0|0|0|0|L||8|0|7|0|0|0
ZZ_L_1506|21|1757543400|0|1.16880|0.00000|3937500|1|0|0|0|0|L||8|0|7|0|0|0
ZZ_L_1517|21|1757519102|0|1.16940|0.00000|3937500|1|0|0|0|0|L||8|0|7|0|0|0
ZZ_L_1525|21|1757510100|0|1.16940|0.00000|3937500|1|0|0|0|0|L||8|0|7|0|0|0
ZZ_L_1532|21|1757497502|0|1.16880|0.00000|3937500|1|0|0|0|0|L||8|0|7|0|0|0
ZZ_L_1539|21|1757470500|0|1.16940|0.00000|3937500|1|0|0|0|0|L||8|0|7|0|0|0
ZZ_L_1557|21|1757437200|0|1.17300|0.00000|3937500|1|0|0|0|0|L||8|0|7|0|0|0
ZZ_L_1561|21|1757430000|0|1.17300|0.00000|3937500|1|0|0|0|0|L||8|0|7|0|0|0
ZZ_L_1570|21|1757413800|0|1.17480|0.00000|3937500|1|0|0|0|0|L||8|0|7|0|0|0
ZZ_L_1582|21|1757351700|0|1.17360|0.00000|3937500|1|0|0|0|0|L||8|0|7|0|0|0
ZZ_L_1588|21|1757330100|0|1.17240|0.00000|3937500|1|0|0|0|0|L||8|0|7|0|0|0
ZZ_L_1595|21|1757289600|0|1.17060|0.00000|3937500|1|0|0|0|0|L||8|0|7|0|0|0
ZZ_L_1606|21|1757093400|0|1.17240|0.00000|3937500|1|0|0|0|0|L||8|0|7|0|0|0
ZZ_L_1615|21|1757088900|0|1.17180|0.00000|3937500|1|0|0|0|0|L||8|0|7|0|0|0
ZZ_L_164|21|1764701100|0|1.15920|0.00000|3937500|1|0|0|0|0|L||8|0|7|0|0|0
ZZ_L_1641|21|1757030400|0|1.16340|0.00000|3937500|1|0|0|0|0|L||8|0|7|0|0|0
ZZ_L_1649|21|1757005200|0|1.16340|0.00000|3937500|1|0|0|0|0|L*||8|0|7|0|0|0
ZZ_L_1655|21|1756999800|0|1.16340|0.00000|3937500|1|0|0|0|0|L*||8|0|7|0|0|0
ZZ_L_1662|21|1756988100|0|1.16400|0.00000|3937500|1|0|0|0|0|L||8|0|7|0|0|0
ZZ_L_1680|21|1756913400|0|1.16400|0.00000|3937500|1|0|0|0|0|L||8|0|7|0|0|0
ZZ_L_1684|21|1756906200|0|1.16400|0.00000|3937500|1|0|0|0|0|L||8|0|7|0|0|0
ZZ_L_1695|21|1756894502|0|1.16100|0.00000|3937500|1|0|0|0|0|L||8|0|7|0|0|0
ZZ_L_1701|21|1756872900|0|1.16220|0.00000|3937500|1|0|0|0|0|L||8|0|7|0|0|0
ZZ_L_1722|21|1756827000|0|1.16160|0.00000|3937500|1|0|0|0|0|L||8|0|7|0|0|0
ZZ_L_1732|21|1756815300|0|1.16280|0.00000|3937500|1|0|0|0|0|L*||8|0|7|0|0|0
ZZ_L_1737|21|1756810800|0|1.16340|0.00000|3937500|1|0|0|0|0|L||8|0|7|0|0|0
ZZ_L_174|21|1764622800|0|1.16040|0.00000|3937500|1|0|0|0|0|L*||8|0|7|0|0|0
ZZ_L_1750|21|1756790100|0|1.16880|0.00000|3937500|1|0|0|0|0|L||8|0|7|0|0|0
ZZ_L_1758|21|1756742400|0|1.17000|0.00000|3937500|1|0|0|0|0|L*||8|0|7|0|0|0
ZZ_L_1773|21|1756511100|0|1.16820|0.00000|3937500|1|0|0|0|0|L||8|0|7|0|0|0
ZZ_L_1788|21|1756479600|0|1.16520|0.00000|3937500|1|0|0|0|0|L||8|0|7|0|0|0
ZZ_L_1797|21|1756440900|0|1.16580|0.00000|3937500|1|0|0|0|0|L||8|0|7|0|0|0
ZZ_L_1806|21|1756403100|0|1.16640|0.00000|3937500|1|0|0|0|0|L||8|0|7|0|0|0
ZZ_L_1810|21|1756396800|0|1.16640|0.00000|3937500|1|0|0|0|0|L||8|0|7|0|0|0
ZZ_L_1825|21|1756364400|0|1.16340|0.00000|3937500|1|0|0|0|0|L*||8|0|7|0|0|0
ZZ_L_1831|21|1756328400|0|1.16220|0.00000|3937500|1|0|0|0|0|L||8|0|7|0|0|0
ZZ_L_1849|21|1756302300|0|1.15740|0.00000|3937500|1|0|0|0|0|L||8|0|7|0|0|0
ZZ_L_1872|21|1756223100|0|1.16400|0.00000|3937500|1|0|0|0|0|L||8|0|7|0|0|0
ZZ_L_1881|21|1756206900|0|1.16100|0.00000|3937500|1|0|0|0|0|L||8|0|7|0|0|0
ZZ_L_1886|21|1756202401|0|1.16040|0.00000|3937500|1|0|0|0|0|L||8|0|7|0|0|0
ZZ_L_190|21|1764562500|0|1.15920|0.00000|3937500|1|0|0|0|0|L||8|0|7|0|0|0
ZZ_L_1908|21|1756159201|0|1.16040|0.00000|3937500|1|0|0|0|0|L||8|0|7|0|0|0
ZZ_L_1926|21|1756125900|0|1.16880|0.00000|3937500|1|0|0|0|0|L||8|0|7|0|0|0
ZZ_L_1933|21|1756090801|0|1.16940|0.00000|3937500|1|0|0|0|0|L||8|0|7|0|0|0
ZZ_L_1944|21|1755887400|0|1.17120|0.00000|3937500|1|0|0|0|0|L||8|0|7|0|0|0
ZZ_L_1969|21|1755880200|0|1.15980|0.00000|3937500|1|0|0|0|0|L||8|0|7|0|0|0
ZZ_L_1975|21|1755844201|0|1.15860|0.00000|3937500|1|0|0|0|0|L||8|0|7|0|0|0
ZZ_L_1982|21|1755820800|0|1.15920|0.00000|3937500|1|0|0|0|0|L||8|0|7|0|0|0
ZZ_L_1990|21|1755797401|0|1.16040|0.00000|3937500|1|0|0|0|0|L||8|0|7|0|0|0
ZZ_L_2006|21|1755767701|0|1.16280|0.00000|3937500|1|0|0|0|0|L||8|0|7|0|0|0
ZZ_L_2016|21|1755708300|0|1.16520|0.00000|3937500|1|0|0|0|0|L*||8|0|7|0|0|0
ZZ_L_202|21|1764333000|0|1.15560|0.00000|3937500|1|0|0|0|0|L||8|0|7|0|0|0
ZZ_L_2028|21|1755658800|0|1.16280|0.00000|3937500|1|0|0|0|0|L*||8|0|7|0|0|0
ZZ_L_2046|21|1755576901|0|1.16400|0.00000|3937500|1|0|0|0|0|L||8|0|7|0|0|0
ZZ_L_2052|21|1755561600|0|1.16520|0.00000|3937500|1|0|0|0|0|L||8|0|7|0|0|0
ZZ_L_2075|21|1755274500|0|1.16820|0.00000|3937500|1|0|0|0|0|L||8|0|7|0|0|0
ZZ_L_2080|21|1755271803|0|1.16760|0.00000|3937500|1|0|0|0|0|L||8|0|7|0|0|0
ZZ_L_2093|21|1755196201|0|1.16340|0.00000|3937500|1|0|0|0|0|L||8|0|7|0|0|0
ZZ_L_210|21|1764236700|0|1.15800|0.00000|3937500|1|0|0|0|0|L||8|0|7|0|0|0
ZZ_L_2100|21|1755190800|0|1.16400|0.00000|3937500|1|0|0|0|0|L||8|0|7|0|0|0
ZZ_L_2112|21|1755185403|0|1.16520|0.00000|3937500|1|0|0|0|0|L||8|0|7|0|0|0
ZZ_L_2121|21|1755169200|0|1.16700|0.00000|3937500|1|0|0|0|0|L||8|0|7|0|0|0
ZZ_L_2133|21|1755099900|0|1.16940|0.00000|3937500|1|0|0|0|0|L||8|0|7|0|0|0
ZZ_L_2149|21|1755024301|0|1.16700|0.00000|3937500|1|0|0|0|0|L*||8|0|7|0|0|0
ZZ_L_2161|21|1755018000|0|1.16460|0.00000|3937500|1|0|0|0|0|L||8|0|7|0|0|0
ZZ_L_2166|21|1755017100|0|1.16400|0.00000|3937500|1|0|0|0|0|L||8|0|7|0|0|0
ZZ_L_2173|21|1755015301|0|1.16220|0.00000|3937500|1|0|0|0|0|L||8|0|7|0|0|0
ZZ_L_2181|21|1755013500|0|1.16340|0.00000|3937500|1|0|0|0|0|L||8|0|7|0|0|0
ZZ_L_2190|21|1755000900|0|1.16040|0.00000|3937500|1|0|0|0|0|L||8|0|7|0|0|0
ZZ_L_2200|21|1754933400|0|1.15920|0.00000|3937500|1|0|0|0|0|L||8|0|7|0|0|0
ZZ_L_2218|21|1754691300|0|1.16400|0.00000|3937500|1|0|0|0|0|L||8|0|7|0|0|0
ZZ_L_2231|21|1754653500|0|1.16340|0.00000|3937500|1|0|0|0|0|L*||8|0|7|0|0|0
ZZ_L_2238|21|1754640901|0|1.16400|0.00000|3937500|1|0|0|0|0|L||8|0|7|0|0|0
ZZ_L_225|21|1764171900|0|1.15500|0.00000|3937500|1|0|0|0|0|L||8|0|7|0|0|0
ZZ_L_2253|21|1754602200|0|1.16220|0.00000|3937500|1|0|0|0|0|L||8|0|7|0|0|0
ZZ_L_2258|21|1754586901|0|1.16160|0.00000|3937500|1|0|0|0|0|L||8|0|7|0|0|0
ZZ_L_2268|21|1754582400|0|1.16400|0.00000|3937500|1|0|0|0|0|L||8|0|7|0|0|0
ZZ_L_2272|21|1754577000|0|1.16400|0.00000|3937500|1|0|0|0|0|L||8|0|7|0|0|0
ZZ_L_2291|21|1754523000|0|1.16460|0.00000|3937500|1|0|0|0|0|L||8|0|7|0|0|0
ZZ_L_2321|21|1754431200|0|1.15620|0.00000|3937500|1|0|0|0|0|L||8|0|7|0|0|0
ZZ_L_2331|21|1754414100|0|1.15380|0.00000|3937500|1|0|0|0|0|L||8|0|7|0|0|0
ZZ_L_2342|21|1754390702|0|1.15320|0.00000|3937500|1|0|0|0|0|L*||8|0|7|0|0|0
ZZ_L_2348|21|1754382600|0|1.15440|0.00000|3937500|1|0|0|0|0|L||8|0|7|0|0|0
ZZ_L_2361|21|1754329501|0|1.15620|0.00000|3937500|1|0|0|0|0|L*||8|0|7|0|0|0
ZZ_L_2366|21|1754325900|0|1.15680|0.00000|3937500|1|0|0|0|0|L||8|0|7|0|0|0
ZZ_L_237|21|1764108900|0|1.15620|0.00000|3937500|1|0|0|0|0|L||8|0|7|0|0|0
ZZ_L_2373|21|1754317801|0|1.15620|0.00000|3937500|1|0|0|0|0|L||8|0|7|0|0|0
ZZ_L_2380|21|1754312400|0|1.15560|0.00000|3937500|1|0|0|0|0|L||8|0|7|0|0|0
ZZ_L_2385|21|1754302501|0|1.15500|0.00000|3937500|1|0|0|0|0|L||8|0|7|0|0|0
ZZ_L_2396|21|1754278200|0|1.15560|0.00000|3937500|1|0|0|0|0|L||8|0|7|0|0|0
ZZ_L_2415|21|1754084700|0|1.15260|0.00000|3937500|1|0|0|0|0|L*||8|0|7|0|0|0
ZZ_L_2420|21|1754078401|0|1.15200|0.00000|3937500|1|0|0|0|0|L||8|0|7|0|0|0
ZZ_L_2428|21|1754074800|0|1.15440|0.00000|3937500|1|0|0|0|0|L||8|0|7|0|0|0
ZZ_L_2433|21|1754072100|0|1.15380|0.00000|3937500|1|0|0|0|0|L||8|0|7|0|0|0
ZZ_L_2444|21|1754066701|0|1.15560|0.00000|3937500|1|0|0|0|0|L||8|0|7|0|0|0
ZZ_L_245|21|1764095400|0|1.15500|0.00000|3937500|1|0|0|0|0|L||8|0|7|0|0|0
ZZ_L_2452|21|1754064900|0|1.15440|0.00000|3937500|1|0|0|0|0|L||8|0|7|0|0|0
ZZ_L_2457|21|1754064000|0|1.15380|0.00000|3937500|1|0|0|0|0|L||8|0|7|0|0|0
ZZ_L_2485|21|1754061300|0|1.13940|0.00000|3937500|1|0|0|0|0|L||8|0|7|0|0|0
ZZ_L_2491|21|1754051400|0|1.13940|0.00000|3937500|1|0|0|0|0|L||8|0|7|0|0|0
ZZ_L_2501|21|1754022600|0|1.14060|0.00000|3937500|1|0|0|0|0|L||8|0|7|0|0|0
ZZ_L_2518|21|1753977601|0|1.14120|0.00000|3937500|1|0|0|0|0|L||8|0|7|0|0|0
ZZ_L_2526|21|1753967700|0|1.14240|0.00000|3937500|1|0|0|0|0|L||8|0|7|0|0|0
ZZ_L_2532|21|1753956901|0|1.14360|0.00000|3937500|1|0|0|0|0|L||8|0|7|0|0|0
ZZ_L_2542|21|1753942500|0|1.14120|0.00000|3937500|1|0|0|0|0|L||8|0|7|0|0|0
ZZ_L_2550|21|1753917301|0|1.14000|0.00000|3937500|1|0|0|0|0|L||8|0|7|0|0|0
ZZ_L_256|21|1764084600|0|1.15440|0.00000|3937500|1|0|0|0|0|L||8|0|7|0|0|0
ZZ_L_2571|21|1753910100|0|1.14780|0.00000|3937500|1|0|0|0|0|L||8|0|7|0|0|0
ZZ_L_2577|21|1753900200|0|1.14660|0.00000|3937500|1|0|0|0|0|L||8|0|7|0|0|0
ZZ_L_2584|21|1753891200|0|1.14600|0.00000|3937500|1|0|0|0|0|L*||8|0|7|0|0|0
ZZ_L_2604|21|1753862400|0|1.15440|0.00000|3937500|1|0|0|0|0|L||8|0|7|0|0|0
ZZ_L_261|21|1764081900|0|1.15380|0.00000|3937500|1|0|0|0|0|L||8|0|7|0|0|0
ZZ_L_2613|21|1753821900|0|1.15380|0.00000|3937500|1|0|0|0|0|L||8|0|7|0|0|0
ZZ_L_2619|21|1753811100|0|1.15260|0.00000|3937500|1|0|0|0|0|L||8|0|7|0|0|0
ZZ_L_2623|21|1753809301|0|1.15260|0.00000|3937500|1|0|0|0|0|L||8|0|7|0|0|0
ZZ_L_2632|21|1753803900|0|1.15200|0.00000|3937500|1|0|0|0|0|L||8|0|7|0|0|0
ZZ_L_2654|21|1753782302|0|1.15320|0.00000|3937500|1|0|0|0|0|L*||8|0|7|0|0|0
ZZ_L_2676|21|1753720200|0|1.16280|0.00000|3937500|1|0|0|0|0|L||8|0|7|0|0|0
ZZ_L_2683|21|1753712100|0|1.16460|0.00000|3937500|1|0|0|0|0|L||8|0|7|0|0|0
ZZ_L_2721|21|1753461001|0|1.17060|0.00000|3937500|1|0|0|0|0|L||8|0|7|0|0|0
ZZ_L_2727|21|1753459201|0|1.17060|0.00000|3937500|1|0|0|0|0|L||8|0|7|0|0|0
ZZ_L_273|21|1764003601|0|1.15140|0.00000|3937500|1|0|0|0|0|L*||8|0|7|0|0|0
ZZ_L_2742|21|1753417800|0|1.17360|0.00000|3937500|1|0|0|0|0|L||8|0|7|0|0|0
ZZ_L_2747|21|1753401601|0|1.17300|0.00000|3937500|1|0|0|0|0|L||8|0|7|0|0|0
ZZ_L_2756|21|1753382700|0|1.17600|0.00000|3937500|1|0|0|0|0|L||8|0|7|0|0|0
ZZ_L_2760|21|1753379100|0|1.17600|0.00000|3937500|1|0|0|0|0|L||8|0|7|0|0|0
ZZ_L_2774|21|1753371000|0|1.17360|0.00000|3937500|1|0|0|0|0|L||8|0|7|0|0|0
ZZ_L_2794|21|1753295400|0|1.17240|0.00000|3937500|1|0|0|0|0|L||8|0|7|0|0|0
ZZ_L_2800|21|1753288200|0|1.17120|0.00000|3937500|1|0|0|0|0|L||8|0|7|0|0|0
ZZ_L_2811|21|1753245000|0|1.17300|0.00000|3937500|1|0|0|0|0|L||8|0|7|0|0|0
ZZ_L_2833|21|1753197301|0|1.16820|0.00000|3937500|1|0|0|0|0|L||8|0|7|0|0|0
ZZ_L_287|21|1763946900|0|1.15020|0.00000|3937500|1|0|0|0|0|L||8|0|7|0|0|0
ZZ_L_292|21|1763747100|0|1.14960|0.00000|3937500|1|0|0|0|0|L||8|0|7|0|0|0
ZZ_L_301|21|1763732700|0|1.15020|0.00000|3937500|1|0|0|0|0|L||8|0|7|0|0|0
ZZ_L_312|21|1763678700|0|1.15200|0.00000|3937500|1|0|0|0|0|L||8|0|7|0|0|0
ZZ_L_324|21|1763653500|0|1.15200|0.00000|3937500|1|0|0|0|0|L||8|0|7|0|0|0
ZZ_L_331|21|1763649900|0|1.15020|0.00000|3937500|1|0|0|0|0|L||8|0|7|0|0|0
ZZ_L_34|21|1765450800|0|1.16880|0.00000|3937500|1|0|0|0|0|L||8|0|7|0|0|0
ZZ_L_340|21|1763586000|0|1.15200|0.00000|3937500|1|0|0|0|0|L||8|0|7|0|0|0
ZZ_L_352|21|1763548200|0|1.15680|0.00000|3937500|1|0|0|0|0|L||8|0|7|0|0|0
ZZ_L_359|21|1763488800|0|1.15740|0.00000|3937500|1|0|0|0|0|L*||8|0|7|0|0|0
ZZ_L_366|21|1763468100|0|1.15800|0.00000|3937500|1|0|0|0|0|L||8|0|7|0|0|0
ZZ_L_372|21|1763415000|0|1.15800|0.00000|3937500|1|0|0|0|0|L||8|0|7|0|0|0
ZZ_L_38|21|1765428300|0|1.16880|0.00000|3937500|1|0|0|0|0|L||8|0|7|0|0|0
ZZ_L_399|21|1763122500|0|1.16100|0.00000|3937500|1|0|0|0|0|L||8|0|7|0|0|0
ZZ_L_411|21|1763078400|0|1.16220|0.00000|3937500|1|0|0|0|0|L||8|0|7|0|0|0
ZZ_L_421|21|1763033401|0|1.16100|0.00000|3937500|1|0|0|0|0|L||8|0|7|0|0|0
ZZ_L_438|21|1762945200|0|1.15680|0.00000|3937500|1|0|0|0|0|L*||8|0|7|0|0|0
ZZ_L_460|21|1762795801|0|1.15440|0.00000|3937500|1|0|0|0|0|L||8|0|7|0|0|0
ZZ_L_466|21|1762777800|0|1.15560|0.00000|3937500|1|0|0|0|0|L||8|0|7|0|0|0
ZZ_L_474|21|1762736400|0|1.15440|0.00000|3937500|1|0|0|0|0|L||8|0|7|0|0|0
ZZ_L_48|21|1765402202|0|1.16520|0.00000|3937500|1|0|0|0|0|L||8|0|7|0|0|0
ZZ_L_488|21|1762483500|0|1.15320|0.00000|3937500|1|0|0|0|0|L||8|0|7|0|0|0
ZZ_L_492|21|1762473600|0|1.15320|0.00000|3937500|1|0|0|0|0|L||8|0|7|0|0|0
ZZ_L_498|21|1762446600|0|1.15200|0.00000|3937500|1|0|0|0|0|L||8|0|7|0|0|0
ZZ_L_5|21|1765575900|0|1.17300|0.00000|3937500|1|0|0|0|0|L*||8|0|7|0|0|0
ZZ_L_516|21|1762362000|0|1.14720|0.00000|3937500|1|0|0|0|0|L*||8|0|7|0|0|0
ZZ_L_520|21|1762357500|0|1.14720|0.00000|3937500|1|0|0|0|0|L||8|0|7|0|0|0
ZZ_L_527|21|1762282800|0|1.14780|0.00000|3937500|1|0|0|0|0|L||8|0|7|0|0|0
ZZ_L_531|21|1762272000|0|1.14780|0.00000|3937500|1|0|0|0|0|L||8|0|7|0|0|0
ZZ_L_535|21|1762265700|0|1.14780|0.00000|3937500|1|0|0|0|0|L||8|0|7|0|0|0
ZZ_L_547|21|1762221600|0|1.15020|0.00000|3937500|1|0|0|0|0|L||8|0|7|0|0|0
ZZ_L_558|21|1762166700|0|1.15080|0.00000|3937500|1|0|0|0|0|L*||8|0|7|0|0|0
ZZ_L_56|21|1765400406|0|1.16400|0.00000|3937500|1|0|0|0|0|L||8|0|7|0|0|0
ZZ_L_576|21|1761903900|0|1.15560|0.00000|3937500|1|0|0|0|0|L||8|0|7|0|0|0
ZZ_L_587|21|1761839101|0|1.15500|0.00000|3937500|1|0|0|0|0|L||8|0|7|0|0|0
ZZ_L_601|21|1761818400|0|1.16100|0.00000|3937500|1|0|0|0|0|L||8|0|7|0|0|0
ZZ_L_612|21|1761775201|0|1.15800|0.00000|3937500|1|0|0|0|0|L||8|0|7|0|0|0
ZZ_L_636|21|1761747300|0|1.16280|0.00000|3937500|1|0|0|0|0|L||8|0|7|0|0|0
ZZ_L_641|21|1761726600|0|1.16220|0.00000|3937500|1|0|0|0|0|L||8|0|7|0|0|0
ZZ_L_652|21|1761667200|0|1.16280|0.00000|3937500|1|0|0|0|0|L||8|0|7|0|0|0
ZZ_L_659|21|1761648300|0|1.16460|0.00000|3937500|1|0|0|0|0|L||8|0|7|0|0|0
ZZ_L_669|21|1761547500|0|1.16220|0.00000|3937500|1|0|0|0|0|L||8|0|7|0|0|0
ZZ_L_681|21|1761322500|0|1.16220|0.00000|3937500|1|0|0|0|0|L*||8|0|7|0|0|0
ZZ_L_699|21|1761224400|0|1.15860|0.00000|3937500|1|0|0|0|0|L||8|0|7|0|0|0
ZZ_L_70|21|1765368000|0|1.16280|0.00000|3937500|1|0|0|0|0|L*||8|0|7|0|0|0
ZZ_L_714|21|1761138900|0|1.15800|0.00000|3937500|1|0|0|0|0|L||8|0|7|0|0|0
ZZ_L_720|21|1761091200|0|1.15920|0.00000|3937500|1|0|0|0|0|L||8|0|7|0|0|0
ZZ_L_727|21|1761067800|0|1.15980|0.00000|3937500|1|0|0|0|0|L||8|0|7|0|0|0
ZZ_L_745|21|1760994900|0|1.16340|0.00000|3937500|1|0|0|0|0|L||8|0|7|0|0|0
ZZ_L_751|21|1760966100|0|1.16460|0.00000|3937500|1|0|0|0|0|L||8|0|7|0|0|0
ZZ_L_758|21|1760743800|0|1.16520|0.00000|3937500|1|0|0|0|0|L*||8|0|7|0|0|0
ZZ_L_763|21|1760720400|0|1.16580|0.00000|3937500|1|0|0|0|0|L||8|0|7|0|0|0
ZZ_L_77|21|1765307700|0|1.16220|0.00000|3937500|1|0|0|0|0|L||8|0|7|0|0|0
ZZ_L_777|21|1760696100|0|1.16940|0.00000|3937500|1|0|0|0|0|L||8|0|7|0|0|0
ZZ_L_788|21|1760659200|0|1.16760|0.00000|3937500|1|0|0|0|0|L||8|0|7|0|0|0
ZZ_L_799|21|1760608800|0|1.16460|0.00000|3937500|1|0|0|0|0|L||8|0|7|0|0|0
ZZ_L_808|21|1760553901|0|1.16280|0.00000|3937500|1|0|0|0|0|L||8|0|7|0|0|0
ZZ_L_814|21|1760535900|0|1.16160|0.00000|3937500|1|0|0|0|0|L||8|0|7|0|0|0
ZZ_L_836|21|1760437801|0|1.15440|0.00000|3937500|1|0|0|0|0|L||8|0|7|0|0|0
ZZ_L_84|21|1765299601|0|1.16160|0.00000|3937500|1|0|0|0|0|L||8|0|7|0|0|0
ZZ_L_848|21|1760410800|0|1.15560|0.00000|3937500|1|0|0|0|0|L||8|0|7|0|0|0
ZZ_L_872|21|1760317201|0|1.15920|0.00000|3937500|1|0|0|0|0|L||8|0|7|0|0|0
ZZ_L_879|21|1760126400|0|1.15980|0.00000|3937500|1|0|0|0|0|L||8|0|7|0|0|0
ZZ_L_897|21|1760105700|0|1.15620|0.00000|3937500|1|0|0|0|0|L*||8|0|7|0|0|0
ZZ_L_910|21|1760046300|0|1.15440|0.00000|3937500|1|0|0|0|0|L||8|0|7|0|0|0
ZZ_L_934|21|1760005800|0|1.16040|0.00000|3937500|1|0|0|0|0|L||8|0|7|0|0|0
ZZ_L_948|21|1759949100|0|1.16040|0.00000|3937500|1|0|0|0|0|L||8|0|7|0|0|0
ZZ_L_957|21|1759923901|0|1.16100|0.00000|3937500|1|0|0|0|0|L||8|0|7|0|0|0
ZZ_L_963|21|1759909500|0|1.16100|0.00000|3937500|1|0|0|0|0|L||8|0|7|0|0|0
ZZ_L_97|21|1765214100|0|1.16220|0.00000|3937500|1|0|0|0|0|L||8|0|7|0|0|0
ZZ_L_979|21|1759839300|0|1.16580|0.00000|3937500|1|0|0|0|0|L*||8|0|7|0|0|0
ZZ_L_999|21|1759752000|0|1.16580|0.00000|3937500|1|0|0|0|0|L||8|0|7|0|0|0
