MT4_OBJECT_SYNC_FORMAT_v6
UTC_REF|1764964800|6876.30000
FXSSI.CALENDAR#news-country-0|21|1745427600|0|1.12865|0.00000|7509500|1|0|0|1|0|USD||7|0|7|0|0|0
FXSSI.CALENDAR#news-country-1|21|1745506800|0|1.12865|0.00000|7509500|1|0|0|1|0|USD||7|0|7|0|0|0
FXSSI.CALENDAR#news-country-2|21|1745514000|0|1.12865|0.00000|7509500|1|0|0|1|0|USD||7|0|7|0|0|0
FXSSI.CALENDAR#news-country-3|21|1744833600|0|1.12634|0.00000|13092807|1|0|0|1|0|USD||7|0|7|0|0|0
FXSSI.CALENDAR#news-country-4|21|1744902000|0|1.12660|0.00000|7509500|1|0|0|1|0|EUR.USD||7|0|7|0|0|0
FXSSI.CALENDAR#news-frame|24|0|0|0.00000|0.00000|8421504|1|0|0|0|0|BitmapLabel||10|-1
FXSSI.CALENDAR#news-line0|24|0|0|0.00000|0.00000|8421504|1|0|0|1|0|BitmapLabel||10|0
FXSSI.CALENDAR#news-line1|24|0|0|0.00000|0.00000|8421504|1|0|0|1|0|BitmapLabel||10|0
FXSSI.CALENDAR#news-line2|24|0|0|0.00000|0.00000|8421504|1|0|0|1|0|BitmapLabel||10|0
FXSSI.CALENDAR#news-line3|24|0|0|0.00000|0.00000|8421504|1|0|0|1|0|BitmapLabel||10|0
FXSSI.CALENDAR#news-line4|24|0|0|0.00000|0.00000|8421504|1|0|0|1|0|BitmapLabel||10|0
FXSSI.CALENDAR#news-next|24|0|0|0.00000|0.00000|8421504|1|0|0|0|0|BitmapLabel||10|-1
FXSSI.CALENDAR#news-prev|24|0|0|0.00000|0.00000|8421504|1|0|0|0|0|BitmapLabel||10|-1
FXSSI.CALENDAR#news-stars-0|21|1745427600|0|1.12873|0.00000|7509500|1|0|0|1|0|ллл||8|0|7|0|0|0
FXSSI.CALENDAR#news-stars-1|21|1745506800|0|1.12873|0.00000|7509500|1|0|0|1|0|ллл||8|0|7|0|0|0
FXSSI.CALENDAR#news-stars-2|21|1745514000|0|1.12873|0.00000|7509500|1|0|0|1|0|ллл||8|0|7|0|0|0
FXSSI.CALENDAR#news-stars-3|21|1744833600|0|1.12639|0.00000|13092807|1|0|0|1|0|ллл||8|0|7|0|0|0
FXSSI.CALENDAR#news-stars-4|21|1744902000|0|1.12639|0.00000|7509500|1|0|0|1|0|ллл||8|0|7|0|0|0
OPTION_LABEL_6859.60_0|21|1765000800|0|6860.85977|0.00000|255|1|0|0|0|0|2895 Put0DTE||8|0|5|0|0|0
OPTION_LABEL_6904.60_4|21|1765000800|0|6905.85977|0.00000|32768|1|0|0|0|0|568 CallMese||8|0|5|0|0|0
OPTION_LABEL_6999.60_1|21|1765000800|0|7000.85977|0.00000|32768|1|0|0|0|0|478 Call0DTE||8|0|5|0|0|0
OPTION_LABEL_7004.60_2|21|1765000800|0|7005.85977|0.00000|32768|1|0|0|0|0|505 Call0DTE||8|0|5|0|0|0
OPTION_LABEL_7009.60_3|21|1765000800|0|7010.85977|0.00000|32768|1|0|0|0|0|710 Call0DTE||8|0|5|0|0|0
OPTION_LINE_6859.60_0|1|0|0|6859.60000|0.00000|255|1|1|0|0|0|||0|0
OPTION_LINE_6904.60_4|1|0|0|6904.60000|0.00000|32768|1|1|0|0|0|||0|0
OPTION_LINE_6999.60_1|1|0|0|6999.60000|0.00000|32768|1|1|0|0|0|||0|0
OPTION_LINE_7004.60_2|1|0|0|7004.60000|0.00000|32768|1|1|0|0|0|||0|0
OPTION_LINE_7009.60_3|1|0|0|7009.60000|0.00000|32768|1|1|0|0|0|||0|0
