MT4_OBJECT_SYNC_FORMAT_v6
UTC_REF|1765807200|25320.90000
EA1_TextLabel_0|21|1765741500|0|24389.81000|0.00000|25600|1|0|0|1|0|174 OI Call||8|0|6|0|0|0
EA1_TextLabel_1|21|1765773900|0|25489.81000|0.00000|25600|1|0|0|1|0|85 OI Call||8|0|6|0|0|0
EA1_TextLabel_10|21|1765802700|0|26389.81000|0.00000|25600|1|0|0|1|0|14 OI Call||8|0|6|0|0|0
EA1_TextLabel_11|21|1765802700|0|26414.81000|0.00000|25600|1|0|0|1|0|11 OI Call||8|0|6|0|0|0
EA1_TextLabel_12|21|1765802700|0|26489.81000|0.00000|25600|1|0|0|1|0|10 OI Call||8|0|6|0|0|0
EA1_TextLabel_13|21|1765788300|0|26639.81000|0.00000|25600|1|0|0|1|0|45 OI Call||8|0|6|0|0|0
EA1_TextLabel_14|21|1765799100|0|26739.81000|0.00000|25600|1|0|0|1|0|19 OI Call||8|0|6|0|0|0
EA1_TextLabel_15|21|1765799100|0|26989.81000|0.00000|25600|1|0|0|1|0|20 OI Call||8|0|6|0|0|0
EA1_TextLabel_16|21|1765799100|0|27089.81000|0.00000|25600|1|0|0|1|0|21 OI Call||8|0|6|0|0|0
EA1_TextLabel_17|21|1765802700|0|27189.81000|0.00000|25600|1|0|0|1|0|11 OI Call||8|0|6|0|0|0
EA1_TextLabel_18|21|1765799100|0|27239.81000|0.00000|25600|1|0|0|1|0|17 OI Call||8|0|6|0|0|0
EA1_TextLabel_19|21|1765802700|0|27289.81000|0.00000|25600|1|0|0|1|0|10 OI Call||8|0|6|0|0|0
EA1_TextLabel_2|21|1765799100|0|25689.81000|0.00000|25600|1|0|0|1|0|21 OI Call||8|0|6|0|0|0
EA1_TextLabel_3|21|1765799100|0|25739.81000|0.00000|25600|1|0|0|1|0|15 OI Call||8|0|6|0|0|0
EA1_TextLabel_4|21|1765799100|0|25839.81000|0.00000|25600|1|0|0|1|0|21 OI Call||8|0|6|0|0|0
EA1_TextLabel_5|21|1765626300|0|25889.81000|0.00000|25600|1|0|0|1|0|478 OI Call||8|0|6|0|0|0
EA1_TextLabel_6|21|1765626300|0|25989.81000|0.00000|25600|1|0|0|1|0|476 OI Call||8|0|6|0|0|0
EA1_TextLabel_7|21|1765781100|0|26089.81000|0.00000|25600|1|0|0|1|0|64 OI Call||8|0|6|0|0|0
EA1_TextLabel_8|21|1765788300|0|26139.81000|0.00000|25600|1|0|0|1|0|47 OI Call||8|0|6|0|0|0
EA1_TextLabel_9|21|1765784700|0|26189.81000|0.00000|25600|1|0|0|1|0|59 OI Call||8|0|6|0|0|0
EA1_TrendLine_0|2|1765742400|1765807200|24389.70000|24389.70000|25600|3|0|0|1|0|||0|0
EA1_TrendLine_1|2|1765774800|1765807200|25489.70000|25489.70000|25600|3|0|0|1|0|||0|0
EA1_TrendLine_10|2|1765803600|1765807200|26389.70000|26389.70000|25600|3|0|0|1|0|||0|0
EA1_TrendLine_11|2|1765803600|1765807200|26414.70000|26414.70000|25600|3|0|0|1|0|||0|0
EA1_TrendLine_12|2|1765803600|1765807200|26489.70000|26489.70000|25600|3|0|0|1|0|||0|0
EA1_TrendLine_13|2|1765789200|1765807200|26639.70000|26639.70000|25600|3|0|0|1|0|||0|0
EA1_TrendLine_14|2|1765800000|1765807200|26739.70000|26739.70000|25600|3|0|0|1|0|||0|0
EA1_TrendLine_15|2|1765800000|1765807200|26989.70000|26989.70000|25600|3|0|0|1|0|||0|0
EA1_TrendLine_16|2|1765800000|1765807200|27089.70000|27089.70000|25600|3|0|0|1|0|||0|0
EA1_TrendLine_17|2|1765803600|1765807200|27189.70000|27189.70000|25600|3|0|0|1|0|||0|0
EA1_TrendLine_18|2|1765800000|1765807200|27239.70000|27239.70000|25600|3|0|0|1|0|||0|0
EA1_TrendLine_19|2|1765803600|1765807200|27289.70000|27289.70000|25600|3|0|0|1|0|||0|0
EA1_TrendLine_2|2|1765800000|1765807200|25689.70000|25689.70000|25600|3|0|0|1|0|||0|0
EA1_TrendLine_3|2|1765800000|1765807200|25739.70000|25739.70000|25600|3|0|0|1|0|||0|0
EA1_TrendLine_4|2|1765800000|1765807200|25839.70000|25839.70000|25600|3|0|0|1|0|||0|0
EA1_TrendLine_5|2|1765627200|1765807200|25889.70000|25889.70000|25600|3|0|0|1|0|||0|0
EA1_TrendLine_6|2|1765627200|1765807200|25989.70000|25989.70000|25600|3|0|0|1|0|||0|0
EA1_TrendLine_7|2|1765782000|1765807200|26089.70000|26089.70000|25600|3|0|0|1|0|||0|0
EA1_TrendLine_8|2|1765789200|1765807200|26139.70000|26139.70000|25600|3|0|0|1|0|||0|0
EA1_TrendLine_9|2|1765785600|1765807200|26189.70000|26189.70000|25600|3|0|0|1|0|||0|0
EA2_TextLabel_0|21|1765818900|0|21989.81000|0.00000|13434880|1|0|0|1|0|26 OI Put||8|0|0|0|0|0
EA2_TextLabel_1|21|1765818900|0|22489.81000|0.00000|13434880|1|0|0|1|0|26 OI Put||8|0|0|0|0|0
EA2_TextLabel_10|21|1765865700|0|24239.81000|0.00000|13434880|1|0|0|1|0|153 OI Put||8|0|0|0|0|0
EA2_TextLabel_11|21|1765815300|0|24289.81000|0.00000|13434880|1|0|0|1|0|17 OI Put||8|0|0|0|0|0
EA2_TextLabel_12|21|1765836900|0|24489.81000|0.00000|13434880|1|0|0|1|0|75 OI Put||8|0|0|0|0|0
EA2_TextLabel_13|21|1765818900|0|24589.81000|0.00000|13434880|1|0|0|1|0|33 OI Put||8|0|0|0|0|0
EA2_TextLabel_14|21|1765829700|0|24889.81000|0.00000|13434880|1|0|0|1|0|57 OI Put||8|0|0|0|0|0
EA2_TextLabel_15|21|1765836900|0|24989.81000|0.00000|13434880|1|0|0|1|0|78 OI Put||8|0|0|0|0|0
EA2_TextLabel_16|21|1765829700|0|25239.81000|0.00000|13434880|1|0|0|1|0|57 OI Put||8|0|0|0|0|0
EA2_TextLabel_17|21|1765854900|0|25389.81000|0.00000|13434880|1|0|0|1|0|126 OI Put||8|0|0|0|0|0
EA2_TextLabel_18|21|1765815300|0|25514.81000|0.00000|13434880|1|0|0|1|0|23 OI Put||8|0|0|0|0|0
EA2_TextLabel_19|21|1765815300|0|25539.81000|0.00000|13434880|1|0|0|1|0|18 OI Put||8|0|0|0|0|0
EA2_TextLabel_2|21|1765829700|0|22989.81000|0.00000|13434880|1|0|0|1|0|60 OI Put||8|0|0|0|0|0
EA2_TextLabel_3|21|1765818900|0|23389.81000|0.00000|13434880|1|0|0|1|0|27 OI Put||8|0|0|0|0|0
EA2_TextLabel_4|21|1765818900|0|23489.81000|0.00000|13434880|1|0|0|1|0|33 OI Put||8|0|0|0|0|0
EA2_TextLabel_5|21|1765818900|0|23589.81000|0.00000|13434880|1|0|0|1|0|31 OI Put||8|0|0|0|0|0
EA2_TextLabel_6|21|1765865700|0|23739.81000|0.00000|13434880|1|0|0|1|0|151 OI Put||8|0|0|0|0|0
EA2_TextLabel_7|21|1765840500|0|23889.81000|0.00000|13434880|1|0|0|1|0|84 OI Put||8|0|0|0|0|0
EA2_TextLabel_8|21|1765952100|0|23989.81000|0.00000|13434880|1|0|0|1|0|379 OI Put||8|0|0|0|0|0
EA2_TextLabel_9|21|1765822500|0|24139.81000|0.00000|13434880|1|0|0|1|0|40 OI Put||8|0|0|0|0|0
EA2_TrendLine_0|2|1765807200|1765818000|21989.70000|21989.70000|13434880|3|3|0|1|0|||0|0
EA2_TrendLine_1|2|1765807200|1765818000|22489.70000|22489.70000|13434880|3|3|0|1|0|||0|0
EA2_TrendLine_10|2|1765807200|1765864800|24239.70000|24239.70000|13434880|3|3|0|1|0|||0|0
EA2_TrendLine_11|2|1765807200|1765814400|24289.70000|24289.70000|13434880|3|3|0|1|0|||0|0
EA2_TrendLine_12|2|1765807200|1765836000|24489.70000|24489.70000|13434880|3|3|0|1|0|||0|0
EA2_TrendLine_13|2|1765807200|1765818000|24589.70000|24589.70000|13434880|3|3|0|1|0|||0|0
EA2_TrendLine_14|2|1765807200|1765828800|24889.70000|24889.70000|13434880|3|3|0|1|0|||0|0
EA2_TrendLine_15|2|1765807200|1765836000|24989.70000|24989.70000|13434880|3|3|0|1|0|||0|0
EA2_TrendLine_16|2|1765807200|1765828800|25239.70000|25239.70000|13434880|3|3|0|1|0|||0|0
EA2_TrendLine_17|2|1765807200|1765854000|25389.70000|25389.70000|13434880|3|3|0|1|0|||0|0
EA2_TrendLine_18|2|1765807200|1765814400|25514.70000|25514.70000|13434880|3|3|0|1|0|||0|0
EA2_TrendLine_19|2|1765807200|1765814400|25539.70000|25539.70000|13434880|3|3|0|1|0|||0|0
EA2_TrendLine_2|2|1765807200|1765828800|22989.70000|22989.70000|13434880|3|3|0|1|0|||0|0
EA2_TrendLine_3|2|1765807200|1765818000|23389.70000|23389.70000|13434880|3|3|0|1|0|||0|0
EA2_TrendLine_4|2|1765807200|1765818000|23489.70000|23489.70000|13434880|3|3|0|1|0|||0|0
EA2_TrendLine_5|2|1765807200|1765818000|23589.70000|23589.70000|13434880|3|3|0|1|0|||0|0
EA2_TrendLine_6|2|1765807200|1765864800|23739.70000|23739.70000|13434880|3|3|0|1|0|||0|0
EA2_TrendLine_7|2|1765807200|1765839600|23889.70000|23889.70000|13434880|3|3|0|1|0|||0|0
EA2_TrendLine_8|2|1765807200|1765951200|23989.70000|23989.70000|13434880|3|3|0|1|0|||0|0
EA2_TrendLine_9|2|1765807200|1765821600|24139.70000|24139.70000|13434880|3|3|0|1|0|||0|0
FXSSI.CALENDAR#news-country-7|21|1746187200|0|1.12653|0.00000|7509500|1|0|0|1|0|EUR||7|0|7|0|0|0
FXSSI.CALENDAR#news-country-8|21|1746198000|0|1.12653|0.00000|7509500|1|0|0|1|0|USD||7|0|7|0|0|0
FXSSI.CALENDAR#news-country-9|21|1746198000|0|1.12869|0.00000|7509500|1|0|0|1|0|USD||7|0|7|0|0|0
FXSSI.CALENDAR#news-line7|24|0|0|0.00000|0.00000|8421504|1|0|0|1|0|BitmapLabel||10|0
FXSSI.CALENDAR#news-line8|24|0|0|0.00000|0.00000|8421504|1|0|0|1|0|BitmapLabel||10|0
FXSSI.CALENDAR#news-line9|24|0|0|0.00000|0.00000|8421504|1|0|0|1|0|BitmapLabel||10|0
FXSSI.CALENDAR#news-stars-7|21|1746187200|0|1.12657|0.00000|7509500|1|0|0|1|0|ллл||8|0|7|0|0|0
FXSSI.CALENDAR#news-stars-8|21|1746198000|0|1.12657|0.00000|7509500|1|0|0|1|0|ллл||8|0|7|0|0|0
FXSSI.CALENDAR#news-stars-9|21|1746198000|0|1.12873|0.00000|7509500|1|0|0|1|0|ллл||8|0|7|0|0|0
IND1_TextLabel_0|21|1765806300|0|25377.80000|0.00000|128|1|0|0|1|0|1 Vol Call||8|0|6|0|0|0
IND1_TextLabel_1|21|1765806300|0|25452.80000|0.00000|128|1|0|0|1|0|2 Vol Call||8|0|6|0|0|0
IND1_TextLabel_10|21|1765806300|0|26002.80000|0.00000|128|1|0|0|1|0|1 Vol Call||8|0|6|0|0|0
IND1_TextLabel_11|21|1765806300|0|26177.80000|0.00000|128|1|0|0|1|0|3 Vol Call||8|0|6|0|0|0
IND1_TextLabel_12|21|1765806300|0|26377.80000|0.00000|128|1|0|0|1|0|2 Vol Call||8|0|6|0|0|0
IND1_TextLabel_2|21|1765806300|0|25477.80000|0.00000|128|1|0|0|1|0|3 Vol Call||8|0|6|0|0|0
IND1_TextLabel_3|21|1765806300|0|25527.80000|0.00000|128|1|0|0|1|0|2 Vol Call||8|0|6|0|0|0
IND1_TextLabel_4|21|1765802700|0|25577.80000|0.00000|128|1|0|0|1|0|14 Vol Call||8|0|6|0|0|0
IND1_TextLabel_5|21|1765802700|0|25677.80000|0.00000|128|1|0|0|1|0|12 Vol Call||8|0|6|0|0|0
IND1_TextLabel_6|21|1765806300|0|25752.80000|0.00000|128|1|0|0|1|0|1 Vol Call||8|0|6|0|0|0
IND1_TextLabel_7|21|1765806300|0|25852.80000|0.00000|128|1|0|0|1|0|1 Vol Call||8|0|6|0|0|0
IND1_TextLabel_8|21|1765806300|0|25877.80000|0.00000|128|1|0|0|1|0|1 Vol Call||8|0|6|0|0|0
IND1_TextLabel_9|21|1765806300|0|25977.80000|0.00000|128|1|0|0|1|0|3 Vol Call||8|0|6|0|0|0
IND1_TrendLine_0|2|1765807200|1765807200|25377.70000|25377.70000|128|3|1|0|1|0|||0|0
IND1_TrendLine_1|2|1765807200|1765807200|25452.70000|25452.70000|128|3|1|0|1|0|||0|0
IND1_TrendLine_10|2|1765807200|1765807200|26002.70000|26002.70000|128|3|1|0|1|0|||0|0
IND1_TrendLine_11|2|1765807200|1765807200|26177.70000|26177.70000|128|3|1|0|1|0|||0|0
IND1_TrendLine_12|2|1765807200|1765807200|26377.70000|26377.70000|128|3|1|0|1|0|||0|0
IND1_TrendLine_2|2|1765807200|1765807200|25477.70000|25477.70000|128|3|1|0|1|0|||0|0
IND1_TrendLine_3|2|1765807200|1765807200|25527.70000|25527.70000|128|3|1|0|1|0|||0|0
IND1_TrendLine_4|2|1765803600|1765807200|25577.70000|25577.70000|128|3|1|0|1|0|||0|0
IND1_TrendLine_5|2|1765803600|1765807200|25677.70000|25677.70000|128|3|1|0|1|0|||0|0
IND1_TrendLine_6|2|1765807200|1765807200|25752.70000|25752.70000|128|3|1|0|1|0|||0|0
IND1_TrendLine_7|2|1765807200|1765807200|25852.70000|25852.70000|128|3|1|0|1|0|||0|0
IND1_TrendLine_8|2|1765807200|1765807200|25877.70000|25877.70000|128|3|1|0|1|0|||0|0
IND1_TrendLine_9|2|1765807200|1765807200|25977.70000|25977.70000|128|3|1|0|1|0|||0|0
IND2_TextLabel_0|21|1765808100|0|24027.80000|0.00000|3937500|1|0|0|1|0|1 Vol Put||8|0|0|0|0|0
IND2_TextLabel_1|21|1765808100|0|24477.80000|0.00000|3937500|1|0|0|1|0|1 Vol Put||8|0|0|0|0|0
IND2_TextLabel_10|21|1765811700|0|25277.80000|0.00000|3937500|1|0|0|1|0|8 Vol Put||8|0|0|0|0|0
IND2_TextLabel_11|21|1765808100|0|25377.80000|0.00000|3937500|1|0|0|1|0|2 Vol Put||8|0|0|0|0|0
IND2_TextLabel_12|21|1765808100|0|25402.80000|0.00000|3937500|1|0|0|1|0|3 Vol Put||8|0|0|0|0|0
IND2_TextLabel_13|21|1765808100|0|25452.80000|0.00000|3937500|1|0|0|1|0|2 Vol Put||8|0|0|0|0|0
IND2_TextLabel_14|21|1765808100|0|25477.80000|0.00000|3937500|1|0|0|1|0|2 Vol Put||8|0|0|0|0|0
IND2_TextLabel_15|21|1765808100|0|25502.80000|0.00000|3937500|1|0|0|1|0|3 Vol Put||8|0|0|0|0|0
IND2_TextLabel_16|21|1765808100|0|25627.80000|0.00000|3937500|1|0|0|1|0|1 Vol Put||8|0|0|0|0|0
IND2_TextLabel_17|21|1765808100|0|25677.80000|0.00000|3937500|1|0|0|1|0|3 Vol Put||8|0|0|0|0|0
IND2_TextLabel_2|21|1765811700|0|24677.80000|0.00000|3937500|1|0|0|1|0|12 Vol Put||8|0|0|0|0|0
IND2_TextLabel_3|21|1765811700|0|24977.80000|0.00000|3937500|1|0|0|1|0|12 Vol Put||8|0|0|0|0|0
IND2_TextLabel_4|21|1765808100|0|25002.80000|0.00000|3937500|1|0|0|1|0|1 Vol Put||8|0|0|0|0|0
IND2_TextLabel_5|21|1765808100|0|25077.80000|0.00000|3937500|1|0|0|1|0|2 Vol Put||8|0|0|0|0|0
IND2_TextLabel_6|21|1765808100|0|25127.80000|0.00000|3937500|1|0|0|1|0|1 Vol Put||8|0|0|0|0|0
IND2_TextLabel_7|21|1765811700|0|25177.80000|0.00000|3937500|1|0|0|1|0|14 Vol Put||8|0|0|0|0|0
IND2_TextLabel_8|21|1765811700|0|25202.80000|0.00000|3937500|1|0|0|1|0|10 Vol Put||8|0|0|0|0|0
IND2_TextLabel_9|21|1765833300|0|25227.80000|0.00000|3937500|1|0|0|1|0|71 Vol Put||8|0|0|0|0|0
IND2_TrendLine_0|2|1765807200|1765807200|24027.70000|24027.70000|3937500|3|0|0|1|0|||0|0
IND2_TrendLine_1|2|1765807200|1765807200|24477.70000|24477.70000|3937500|3|0|0|1|0|||0|0
IND2_TrendLine_10|2|1765807200|1765810800|25277.70000|25277.70000|3937500|3|0|0|1|0|||0|0
IND2_TrendLine_11|2|1765807200|1765807200|25377.70000|25377.70000|3937500|3|0|0|1|0|||0|0
IND2_TrendLine_12|2|1765807200|1765807200|25402.70000|25402.70000|3937500|3|0|0|1|0|||0|0
IND2_TrendLine_13|2|1765807200|1765807200|25452.70000|25452.70000|3937500|3|0|0|1|0|||0|0
IND2_TrendLine_14|2|1765807200|1765807200|25477.70000|25477.70000|3937500|3|0|0|1|0|||0|0
IND2_TrendLine_15|2|1765807200|1765807200|25502.70000|25502.70000|3937500|3|0|0|1|0|||0|0
IND2_TrendLine_16|2|1765807200|1765807200|25627.70000|25627.70000|3937500|3|0|0|1|0|||0|0
IND2_TrendLine_17|2|1765807200|1765807200|25677.70000|25677.70000|3937500|3|0|0|1|0|||0|0
IND2_TrendLine_2|2|1765807200|1765810800|24677.70000|24677.70000|3937500|3|0|0|1|0|||0|0
IND2_TrendLine_3|2|1765807200|1765810800|24977.70000|24977.70000|3937500|3|0|0|1|0|||0|0
IND2_TrendLine_4|2|1765807200|1765807200|25002.70000|25002.70000|3937500|3|0|0|1|0|||0|0
IND2_TrendLine_5|2|1765807200|1765807200|25077.70000|25077.70000|3937500|3|0|0|1|0|||0|0
IND2_TrendLine_6|2|1765807200|1765807200|25127.70000|25127.70000|3937500|3|0|0|1|0|||0|0
IND2_TrendLine_7|2|1765807200|1765810800|25177.70000|25177.70000|3937500|3|0|0|1|0|||0|0
IND2_TrendLine_8|2|1765807200|1765810800|25202.70000|25202.70000|3937500|3|0|0|1|0|||0|0
IND2_TrendLine_9|2|1765807200|1765832400|25227.70000|25227.70000|3937500|3|0|0|1|0|||0|0
