MT4_OBJECT_SYNC_FORMAT_v6
UTC_REF|1765195200|1.16489
Dly|17|1764943200|1764972000|1.16239|1.16239|7504122|1|0|0|1|0|||0|0|1764957600|1.16139
DlyMir|17|1764914400|1764943200|1.16739|1.16739|3329330|1|0|0|1|0|||0|0|1764928800|1.16839
DlyMir_1|17|1765191600|1765220400|1.16739|1.16739|3329330|1|0|0|1|0|||0|0|1765206000|1.16839
DlyMir_2|17|1765296000|1765324800|1.16739|1.16739|3329330|1|0|0|1|0|||0|0|1765310400|1.16839
DlyMir_3|17|1765400400|1765429200|1.16739|1.16739|3329330|1|0|0|1|0|||0|0|1765414800|1.16839
DlyMir_4|17|1765504800|1765533600|1.16739|1.16739|3329330|1|0|0|1|0|||0|0|1765519200|1.16839
DlyMir_5|17|1765782000|1765810800|1.16739|1.16739|3329330|1|0|0|1|0|||0|0|1765796400|1.16839
DlyMir_T1|2|1765053000|1765081800|1.16739|1.16739|3329330|4|0|0|1|0|||0|0
DlyMir_T2|2|1765243800|1765272600|1.16739|1.16739|3329330|4|0|0|1|0|||0|0
DlyMir_T3|2|1765348200|1765377000|1.16739|1.16739|3329330|4|0|0|1|0|||0|0
DlyMir_T4|2|1765452600|1765481400|1.16739|1.16739|3329330|4|0|0|1|0|||0|0
DlyMir_T5|2|1765643400|1765672200|1.16739|1.16739|3329330|4|0|0|1|0|||0|0
Dly_1|17|1765220400|1765249200|1.16239|1.16239|7504122|1|0|0|1|0|||0|0|1765234800|1.16139
Dly_2|17|1765324800|1765353600|1.16239|1.16239|7504122|1|0|0|1|0|||0|0|1765339200|1.16139
Dly_3|17|1765429200|1765458000|1.16239|1.16239|7504122|1|0|0|1|0|||0|0|1765443600|1.16139
Dly_4|17|1765533600|1765562400|1.16239|1.16239|7504122|1|0|0|1|0|||0|0|1765548000|1.16139
Dly_5|17|1765810800|1765839600|1.16239|1.16239|7504122|1|0|0|1|0|||0|0|1765825200|1.16139
Dly_T1|2|1765081800|1765110600|1.16239|1.16239|7504122|4|0|0|1|0|||0|0
Dly_T2|2|1765272600|1765301400|1.16239|1.16239|7504122|4|0|0|1|0|||0|0
Dly_T3|2|1765377000|1765405800|1.16239|1.16239|7504122|4|0|0|1|0|||0|0
Dly_T4|2|1765481400|1765510200|1.16239|1.16239|7504122|4|0|0|1|0|||0|0
Dly_T5|2|1765672200|1765701000|1.16239|1.16239|7504122|4|0|0|1|0|||0|0
