MT4_OBJECT_SYNC_FORMAT_v6
UTC_REF|1767607200|6876.10000
FXSSI.CALENDAR#news-country-0|21|1745427600|0|1.12865|0.00000|7509500|1|0|0|1|0|USD||7|0|7|0|0|0
FXSSI.CALENDAR#news-country-1|21|1745506800|0|1.12865|0.00000|7509500|1|0|0|1|0|USD||7|0|7|0|0|0
FXSSI.CALENDAR#news-country-2|21|1745514000|0|1.12865|0.00000|7509500|1|0|0|1|0|USD||7|0|7|0|0|0
FXSSI.CALENDAR#news-country-3|21|1744833600|0|1.12634|0.00000|13092807|1|0|0|1|0|USD||7|0|7|0|0|0
FXSSI.CALENDAR#news-country-4|21|1744902000|0|1.12660|0.00000|7509500|1|0|0|1|0|EUR.USD||7|0|7|0|0|0
FXSSI.CALENDAR#news-frame|24|0|0|0.00000|0.00000|8421504|1|0|0|0|0|BitmapLabel||10|-1
FXSSI.CALENDAR#news-line0|24|0|0|0.00000|0.00000|8421504|1|0|0|1|0|BitmapLabel||10|0
FXSSI.CALENDAR#news-line1|24|0|0|0.00000|0.00000|8421504|1|0|0|1|0|BitmapLabel||10|0
FXSSI.CALENDAR#news-line2|24|0|0|0.00000|0.00000|8421504|1|0|0|1|0|BitmapLabel||10|0
FXSSI.CALENDAR#news-line3|24|0|0|0.00000|0.00000|8421504|1|0|0|1|0|BitmapLabel||10|0
FXSSI.CALENDAR#news-line4|24|0|0|0.00000|0.00000|8421504|1|0|0|1|0|BitmapLabel||10|0
FXSSI.CALENDAR#news-next|24|0|0|0.00000|0.00000|8421504|1|0|0|0|0|BitmapLabel||10|-1
FXSSI.CALENDAR#news-prev|24|0|0|0.00000|0.00000|8421504|1|0|0|0|0|BitmapLabel||10|-1
FXSSI.CALENDAR#news-stars-0|21|1745427600|0|1.12873|0.00000|7509500|1|0|0|1|0|ллл||8|0|7|0|0|0
FXSSI.CALENDAR#news-stars-1|21|1745506800|0|1.12873|0.00000|7509500|1|0|0|1|0|ллл||8|0|7|0|0|0
FXSSI.CALENDAR#news-stars-2|21|1745514000|0|1.12873|0.00000|7509500|1|0|0|1|0|ллл||8|0|7|0|0|0
FXSSI.CALENDAR#news-stars-3|21|1744833600|0|1.12639|0.00000|13092807|1|0|0|1|0|ллл||8|0|7|0|0|0
FXSSI.CALENDAR#news-stars-4|21|1744902000|0|1.12639|0.00000|7509500|1|0|0|1|0|ллл||8|0|7|0|0|0
TrendLine_0|2|1767610800|1767708000|1000.00000|1000.00000|255|3|1|0|0|0|||0|0
TrendLine_1|2|1767610800|1767690000|1200.00000|1200.00000|255|3|1|0|0|0|||0|0
TrendLine_10|2|1767610800|1767690000|3100.00000|3100.00000|255|3|1|0|0|0|||0|0
TrendLine_11|2|1767610800|1767708000|3200.00000|3200.00000|255|3|1|0|0|0|||0|0
TrendLine_12|2|1767610800|1767934800|3300.00000|3300.00000|255|3|1|0|0|0|||0|0
TrendLine_13|2|1767610800|1767704400|3400.00000|3400.00000|255|3|1|0|0|0|||0|0
TrendLine_14|2|1767610800|1767700800|3500.00000|3500.00000|255|3|1|0|0|0|||0|0
TrendLine_15|2|1767610800|1767736800|3600.00000|3600.00000|255|3|1|0|0|0|||0|0
TrendLine_16|2|1767610800|1767722400|3700.00000|3700.00000|255|3|1|0|0|0|||0|0
TrendLine_17|2|1767610800|1767686400|3750.00000|3750.00000|255|3|1|0|0|0|||0|0
TrendLine_18|2|1767610800|1767783600|3800.00000|3800.00000|255|3|1|0|0|0|||0|0
TrendLine_19|2|1767610800|1767682800|3850.00000|3850.00000|255|3|1|0|0|0|||0|0
TrendLine_2|2|1767610800|1767668400|1800.00000|1800.00000|255|3|1|0|0|0|||0|0
TrendLine_20|2|1767610800|1767675600|3950.00000|3950.00000|255|3|1|0|0|0|||0|0
TrendLine_21|2|1767610800|1767970800|4000.00000|4000.00000|255|3|1|0|0|0|||0|0
TrendLine_22|2|1767610800|1767679200|4100.00000|4100.00000|255|3|1|0|0|0|||0|0
TrendLine_23|2|1767610800|1767682800|4200.00000|4200.00000|255|3|1|0|0|0|||0|0
TrendLine_24|2|1767610800|1767769200|4500.00000|4500.00000|255|3|1|0|0|0|||0|0
TrendLine_25|2|1767610800|1767697200|4600.00000|4600.00000|255|3|1|0|0|0|||0|0
TrendLine_26|2|1767610800|1767816000|4700.00000|4700.00000|255|3|1|0|0|0|||0|0
TrendLine_27|2|1767610800|1767672000|4750.00000|4750.00000|255|3|1|0|0|0|||0|0
TrendLine_28|2|1767610800|1767740400|4800.00000|4800.00000|255|3|1|0|0|0|||0|0
TrendLine_29|2|1767610800|1767668400|4900.00000|4900.00000|255|3|1|0|0|0|||0|0
TrendLine_3|2|1767610800|1767661200|2000.00000|2000.00000|255|3|1|0|0|0|||0|0
TrendLine_30|2|1767610800|1767661200|4925.00000|4925.00000|255|3|1|0|0|0|||0|0
TrendLine_31|2|1767610800|1767668400|4950.00000|4950.00000|255|3|1|0|0|0|||0|0
TrendLine_32|2|1767610800|1767744000|5000.00000|5000.00000|255|3|1|0|0|0|||0|0
TrendLine_33|2|1767610800|1767726000|5100.00000|5100.00000|255|3|1|0|0|0|||0|0
TrendLine_34|2|1767610800|1767661200|5150.00000|5150.00000|255|3|1|0|0|0|||0|0
TrendLine_35|2|1767610800|1767693600|5200.00000|5200.00000|255|3|1|0|0|0|||0|0
TrendLine_36|2|1767610800|1767690000|5250.00000|5250.00000|255|3|1|0|0|0|||0|0
TrendLine_37|2|1767610800|1767672000|5300.00000|5300.00000|255|3|1|0|0|0|||0|0
TrendLine_38|2|1767610800|1767686400|5350.00000|5350.00000|255|3|1|0|0|0|||0|0
TrendLine_39|2|1767610800|1767744000|5400.00000|5400.00000|255|3|1|0|0|0|||0|0
TrendLine_4|2|1767610800|1767733200|2400.00000|2400.00000|255|3|1|0|0|0|||0|0
TrendLine_40|2|1767610800|1767726000|5500.00000|5500.00000|255|3|1|0|0|0|||0|0
TrendLine_41|2|1767610800|1767672000|5600.00000|5600.00000|255|3|1|0|0|0|||0|0
TrendLine_42|2|1767610800|1767668400|5700.00000|5700.00000|255|3|1|0|0|0|||0|0
TrendLine_43|2|1767610800|1767711600|5750.00000|5750.00000|255|3|1|0|0|0|||0|0
TrendLine_44|2|1767610800|1767661200|5775.00000|5775.00000|255|3|1|0|0|0|||0|0
TrendLine_45|2|1767610800|1767787200|5800.00000|5800.00000|255|3|1|0|0|0|||0|0
TrendLine_46|2|1767610800|1767704400|5900.00000|5900.00000|255|3|1|0|0|0|||0|0
TrendLine_47|2|1767610800|1767668400|5950.00000|5950.00000|255|3|1|0|0|0|||0|0
TrendLine_48|2|1767610800|1767736800|6000.00000|6000.00000|255|3|1|0|0|0|||0|0
TrendLine_49|2|1767610800|1767661200|6050.00000|6050.00000|255|3|1|0|0|0|||0|0
TrendLine_5|2|1767610800|1767726000|2500.00000|2500.00000|255|3|1|0|0|0|||0|0
TrendLine_50|2|1767610800|1767668400|6100.00000|6100.00000|255|3|1|0|0|0|||0|0
TrendLine_51|2|1767610800|1767672000|6150.00000|6150.00000|255|3|1|0|0|0|||0|0
TrendLine_52|2|1767610800|1767722400|6200.00000|6200.00000|255|3|1|0|0|0|||0|0
TrendLine_53|2|1767610800|1767736800|6250.00000|6250.00000|255|3|1|0|0|0|||0|0
TrendLine_54|2|1767610800|1767718800|6300.00000|6300.00000|255|3|1|0|0|0|||0|0
TrendLine_55|2|1767610800|1767664800|6350.00000|6350.00000|255|3|1|0|0|0|||0|0
TrendLine_56|2|1767610800|1767693600|6400.00000|6400.00000|255|3|1|0|0|0|||0|0
TrendLine_57|2|1767610800|1767668400|6450.00000|6450.00000|255|3|1|0|0|0|||0|0
TrendLine_58|2|1767610800|1767747600|6500.00000|6500.00000|255|3|1|0|0|0|||0|0
TrendLine_59|2|1767610800|1767697200|6600.00000|6600.00000|255|3|1|0|0|0|||0|0
TrendLine_6|2|1767610800|1767733200|2700.00000|2700.00000|255|3|1|0|0|0|||0|0
TrendLine_60|2|1767610800|1767711600|6650.00000|6650.00000|255|3|1|0|0|0|||0|0
TrendLine_61|2|1767610800|1767664800|6750.00000|6750.00000|255|3|1|0|0|0|||0|0
TrendLine_62|2|1767610800|1767369600|6820.00000|6820.00000|32768|3|0|0|0|0|||0|0
TrendLine_63|2|1767610800|1767369600|6900.00000|6900.00000|32768|3|0|0|0|0|||0|0
TrendLine_64|2|1767610800|1767384000|6950.00000|6950.00000|32768|3|0|0|0|0|||0|0
TrendLine_65|2|1767610800|1767222000|7000.00000|7000.00000|32768|3|0|0|0|0|||0|0
TrendLine_66|2|1767610800|1767189600|7050.00000|7050.00000|32768|3|0|0|0|0|||0|0
TrendLine_67|2|1767610800|1767142800|7100.00000|7100.00000|32768|3|0|0|0|0|||0|0
TrendLine_68|2|1767610800|1767376800|7125.00000|7125.00000|32768|3|0|0|0|0|||0|0
TrendLine_69|2|1767610800|1767204000|7150.00000|7150.00000|32768|3|0|0|0|0|||0|0
TrendLine_7|2|1767610800|1767780000|2800.00000|2800.00000|255|3|1|0|0|0|||0|0
TrendLine_70|2|1767610800|1767132000|7200.00000|7200.00000|32768|3|0|0|0|0|||0|0
TrendLine_71|2|1767610800|1767200400|7250.00000|7250.00000|32768|3|0|0|0|0|||0|0
TrendLine_72|2|1767610800|1767070800|7300.00000|7300.00000|32768|3|0|0|0|0|||0|0
TrendLine_73|2|1767610800|1767358800|7350.00000|7350.00000|32768|3|0|0|0|0|||0|0
TrendLine_74|2|1767610800|1767146400|7400.00000|7400.00000|32768|3|0|0|0|0|||0|0
TrendLine_75|2|1767610800|1767369600|7450.00000|7450.00000|32768|3|0|0|0|0|||0|0
TrendLine_76|2|1767610800|1767362400|7500.00000|7500.00000|32768|3|0|0|0|0|||0|0
TrendLine_77|2|1767610800|1767196800|7600.00000|7600.00000|32768|3|0|0|0|0|||0|0
TrendLine_78|2|1767610800|1767106800|7700.00000|7700.00000|32768|3|0|0|0|0|||0|0
TrendLine_79|2|1767610800|1767358800|7800.00000|7800.00000|32768|3|0|0|0|0|||0|0
TrendLine_8|2|1767610800|1767862800|2900.00000|2900.00000|255|3|1|0|0|0|||0|0
TrendLine_80|2|1767610800|1767124800|7900.00000|7900.00000|32768|3|0|0|0|0|||0|0
TrendLine_81|2|1767610800|1767319200|8000.00000|8000.00000|32768|3|0|0|0|0|||0|0
TrendLine_82|2|1767610800|1767175200|9200.00000|9200.00000|32768|3|0|0|0|0|||0|0
TrendLine_9|2|1767610800|1767891600|3000.00000|3000.00000|255|3|1|0|0|0|||0|0
VolumeText_0|21|1767726000|0|1000.10000|0.00000|255|1|0|0|0|0|8624||8|0|1|0|0|0
VolumeText_1|21|1767708000|0|1200.10000|0.00000|255|1|0|0|0|0|6985||8|0|1|0|0|0
VolumeText_10|21|1767708000|0|3100.10000|0.00000|255|1|0|0|0|0|6934||8|0|1|0|0|0
VolumeText_11|21|1767726000|0|3200.10000|0.00000|255|1|0|0|0|0|8586||8|0|1|0|0|0
VolumeText_12|21|1767952800|0|3300.10000|0.00000|255|1|0|0|0|0|28994||8|0|1|0|0|0
VolumeText_13|21|1767722400|0|3400.10000|0.00000|255|1|0|0|0|0|8432||8|0|1|0|0|0
VolumeText_14|21|1767718800|0|3500.10000|0.00000|255|1|0|0|0|0|8018||8|0|1|0|0|0
VolumeText_15|21|1767754800|0|3600.10000|0.00000|255|1|0|0|0|0|11183||8|0|1|0|0|0
VolumeText_16|21|1767740400|0|3700.10000|0.00000|255|1|0|0|0|0|9879||8|0|1|0|0|0
VolumeText_17|21|1767704400|0|3750.10000|0.00000|255|1|0|0|0|0|6615||8|0|1|0|0|0
VolumeText_18|21|1767801600|0|3800.10000|0.00000|255|1|0|0|0|0|15459||8|0|1|0|0|0
VolumeText_19|21|1767700800|0|3850.10000|0.00000|255|1|0|0|0|0|6455||8|0|1|0|0|0
VolumeText_2|21|1767686400|0|1800.10000|0.00000|255|1|0|0|0|0|5155||8|0|1|0|0|0
VolumeText_20|21|1767693600|0|3950.10000|0.00000|255|1|0|0|0|0|5622||8|0|1|0|0|0
VolumeText_21|21|1767988800|0|4000.10000|0.00000|255|1|0|0|0|0|32088||8|0|1|0|0|0
VolumeText_22|21|1767697200|0|4100.10000|0.00000|255|1|0|0|0|0|5967||8|0|1|0|0|0
VolumeText_23|21|1767700800|0|4200.10000|0.00000|255|1|0|0|0|0|6413||8|0|1|0|0|0
VolumeText_24|21|1767787200|0|4500.10000|0.00000|255|1|0|0|0|0|14237||8|0|1|0|0|0
VolumeText_25|21|1767715200|0|4600.10000|0.00000|255|1|0|0|0|0|7682||8|0|1|0|0|0
VolumeText_26|21|1767834000|0|4700.10000|0.00000|255|1|0|0|0|0|18365||8|0|1|0|0|0
VolumeText_27|21|1767690000|0|4750.10000|0.00000|255|1|0|0|0|0|5611||8|0|1|0|0|0
VolumeText_28|21|1767758400|0|4800.10000|0.00000|255|1|0|0|0|0|11687||8|0|1|0|0|0
VolumeText_29|21|1767686400|0|4900.10000|0.00000|255|1|0|0|0|0|5050||8|0|1|0|0|0
VolumeText_3|21|1767679200|0|2000.10000|0.00000|255|1|0|0|0|0|4555||8|0|1|0|0|0
VolumeText_30|21|1767679200|0|4925.10000|0.00000|255|1|0|0|0|0|4444||8|0|1|0|0|0
VolumeText_31|21|1767686400|0|4950.10000|0.00000|255|1|0|0|0|0|5016||8|0|1|0|0|0
VolumeText_32|21|1767762000|0|5000.10000|0.00000|255|1|0|0|0|0|11765||8|0|1|0|0|0
VolumeText_33|21|1767744000|0|5100.10000|0.00000|255|1|0|0|0|0|10177||8|0|1|0|0|0
VolumeText_34|21|1767679200|0|5150.10000|0.00000|255|1|0|0|0|0|4493||8|0|1|0|0|0
VolumeText_35|21|1767711600|0|5200.10000|0.00000|255|1|0|0|0|0|7278||8|0|1|0|0|0
VolumeText_36|21|1767708000|0|5250.10000|0.00000|255|1|0|0|0|0|6951||8|0|1|0|0|0
VolumeText_37|21|1767690000|0|5300.10000|0.00000|255|1|0|0|0|0|5357||8|0|1|0|0|0
VolumeText_38|21|1767704400|0|5350.10000|0.00000|255|1|0|0|0|0|6717||8|0|1|0|0|0
VolumeText_39|21|1767762000|0|5400.10000|0.00000|255|1|0|0|0|0|11946||8|0|1|0|0|0
VolumeText_4|21|1767751200|0|2400.10000|0.00000|255|1|0|0|0|0|10887||8|0|1|0|0|0
VolumeText_40|21|1767744000|0|5500.10000|0.00000|255|1|0|0|0|0|10342||8|0|1|0|0|0
VolumeText_41|21|1767690000|0|5600.10000|0.00000|255|1|0|0|0|0|5395||8|0|1|0|0|0
VolumeText_42|21|1767686400|0|5700.10000|0.00000|255|1|0|0|0|0|5074||8|0|1|0|0|0
VolumeText_43|21|1767729600|0|5750.10000|0.00000|255|1|0|0|0|0|9125||8|0|1|0|0|0
VolumeText_44|21|1767679200|0|5775.10000|0.00000|255|1|0|0|0|0|4338||8|0|1|0|0|0
VolumeText_45|21|1767805200|0|5800.10000|0.00000|255|1|0|0|0|0|15795||8|0|1|0|0|0
VolumeText_46|21|1767722400|0|5900.10000|0.00000|255|1|0|0|0|0|8241||8|0|1|0|0|0
VolumeText_47|21|1767686400|0|5950.10000|0.00000|255|1|0|0|0|0|5181||8|0|1|0|0|0
VolumeText_48|21|1767754800|0|6000.10000|0.00000|255|1|0|0|0|0|11089||8|0|1|0|0|0
VolumeText_49|21|1767679200|0|6050.10000|0.00000|255|1|0|0|0|0|4366||8|0|1|0|0|0
VolumeText_5|21|1767744000|0|2500.10000|0.00000|255|1|0|0|0|0|10142||8|0|1|0|0|0
VolumeText_50|21|1767686400|0|6100.10000|0.00000|255|1|0|0|0|0|5031||8|0|1|0|0|0
VolumeText_51|21|1767690000|0|6150.10000|0.00000|255|1|0|0|0|0|5589||8|0|1|0|0|0
VolumeText_52|21|1767740400|0|6200.10000|0.00000|255|1|0|0|0|0|9985||8|0|1|0|0|0
VolumeText_53|21|1767754800|0|6250.10000|0.00000|255|1|0|0|0|0|11329||8|0|1|0|0|0
VolumeText_54|21|1767736800|0|6300.10000|0.00000|255|1|0|0|0|0|9537||8|0|1|0|0|0
VolumeText_55|21|1767682800|0|6350.10000|0.00000|255|1|0|0|0|0|4680||8|0|1|0|0|0
VolumeText_56|21|1767711600|0|6400.10000|0.00000|255|1|0|0|0|0|7392||8|0|1|0|0|0
VolumeText_57|21|1767686400|0|6450.10000|0.00000|255|1|0|0|0|0|5037||8|0|1|0|0|0
VolumeText_58|21|1767765600|0|6500.10000|0.00000|255|1|0|0|0|0|12117||8|0|1|0|0|0
VolumeText_59|21|1767715200|0|6600.10000|0.00000|255|1|0|0|0|0|7545||8|0|1|0|0|0
VolumeText_6|21|1767751200|0|2700.10000|0.00000|255|1|0|0|0|0|10840||8|0|1|0|0|0
VolumeText_60|21|1767729600|0|6650.10000|0.00000|255|1|0|0|0|0|8998||8|0|1|0|0|0
VolumeText_61|21|1767682800|0|6750.10000|0.00000|255|1|0|0|0|0|4930||8|0|1|0|0|0
VolumeText_62|21|1767351600|0|6820.10000|0.00000|32768|1|0|0|0|0|5474||8|0|1|0|0|0
VolumeText_63|21|1767351600|0|6900.10000|0.00000|32768|1|0|0|0|0|5575||8|0|1|0|0|0
VolumeText_64|21|1767366000|0|6950.10000|0.00000|32768|1|0|0|0|0|4237||8|0|1|0|0|0
VolumeText_65|21|1767204000|0|7000.10000|0.00000|32768|1|0|0|0|0|10703||8|0|1|0|0|0
VolumeText_66|21|1767171600|0|7050.10000|0.00000|32768|1|0|0|0|0|13508||8|0|1|0|0|0
VolumeText_67|21|1767121200|0|7100.10000|0.00000|32768|1|0|0|0|0|17612||8|0|1|0|0|0
VolumeText_68|21|1767358800|0|7125.10000|0.00000|32768|1|0|0|0|0|4714||8|0|1|0|0|0
VolumeText_69|21|1767186000|0|7150.10000|0.00000|32768|1|0|0|0|0|12059||8|0|1|0|0|0
VolumeText_7|21|1767798000|0|2800.10000|0.00000|255|1|0|0|0|0|15051||8|0|1|0|0|0
VolumeText_70|21|1767114000|0|7200.10000|0.00000|32768|1|0|0|0|0|18238||8|0|1|0|0|0
VolumeText_71|21|1767182400|0|7250.10000|0.00000|32768|1|0|0|0|0|12476||8|0|1|0|0|0
VolumeText_72|21|1767049200|0|7300.10000|0.00000|32768|1|0|0|0|0|23903||8|0|1|0|0|0
VolumeText_73|21|1767340800|0|7350.10000|0.00000|32768|1|0|0|0|0|6401||8|0|1|0|0|0
VolumeText_74|21|1767124800|0|7400.10000|0.00000|32768|1|0|0|0|0|17423||8|0|1|0|0|0
VolumeText_75|21|1767351600|0|7450.10000|0.00000|32768|1|0|0|0|0|5501||8|0|1|0|0|0
VolumeText_76|21|1767344400|0|7500.10000|0.00000|32768|1|0|0|0|0|6180||8|0|1|0|0|0
VolumeText_77|21|1767178800|0|7600.10000|0.00000|32768|1|0|0|0|0|12869||8|0|1|0|0|0
VolumeText_78|21|1767088800|0|7700.10000|0.00000|32768|1|0|0|0|0|20425||8|0|1|0|0|0
VolumeText_79|21|1767340800|0|7800.10000|0.00000|32768|1|0|0|0|0|6387||8|0|1|0|0|0
VolumeText_8|21|1767880800|0|2900.10000|0.00000|255|1|0|0|0|0|22608||8|0|1|0|0|0
VolumeText_80|21|1767106800|0|7900.10000|0.00000|32768|1|0|0|0|0|18803||8|0|1|0|0|0
VolumeText_81|21|1767211200|0|8000.10000|0.00000|32768|1|0|0|0|0|10012||8|0|1|0|0|0
VolumeText_82|21|1767157200|0|9200.10000|0.00000|32768|1|0|0|0|0|14770||8|0|1|0|0|0
VolumeText_9|21|1767909600|0|3000.10000|0.00000|255|1|0|0|0|0|24911||8|0|1|0|0|0
