MT4_OBJECT_SYNC_FORMAT_v6
UTC_REF|1767607200|6875.60000
Label 44679|23|0|0|0.00000|0.00000|0|1|0|0|0|0|PH-SpMensSPY||8|0|0|337|3|0
TrendLine_0|2|1767614400|1768305600|2115.00000|2115.00000|3937500|2|1|0|0|0|||0|0
TrendLine_1|2|1767614400|1767888000|2165.00000|2165.00000|3937500|2|1|0|0|0|||0|0
TrendLine_10|2|1767614400|1767888000|3265.00000|3265.00000|3937500|2|1|0|0|0|||0|0
TrendLine_100|2|1767614400|1767182400|8165.00000|8165.00000|25600|2|0|0|0|0|||0|0
TrendLine_101|2|1767614400|1766995200|8265.00000|8265.00000|25600|2|0|0|0|0|||0|0
TrendLine_102|2|1767614400|1767124800|8315.00000|8315.00000|25600|2|0|0|0|0|||0|0
TrendLine_103|2|1767614400|1767038400|8365.00000|8365.00000|25600|2|0|0|0|0|||0|0
TrendLine_104|2|1767614400|1765166400|8415.00000|8415.00000|25600|2|0|0|0|0|||0|0
TrendLine_105|2|1767614400|1767052800|8665.00000|8665.00000|25600|2|0|0|0|0|||0|0
TrendLine_106|2|1767614400|1766577600|8715.00000|8715.00000|25600|2|0|0|0|0|||0|0
TrendLine_107|2|1767614400|1766476800|8765.00000|8765.00000|25600|2|0|0|0|0|||0|0
TrendLine_108|2|1767614400|1767038400|8915.00000|8915.00000|25600|2|0|0|0|0|||0|0
TrendLine_11|2|1767614400|1768060800|3515.00000|3515.00000|3937500|2|1|0|0|0|||0|0
TrendLine_12|2|1767614400|1767787200|3665.00000|3665.00000|3937500|2|1|0|0|0|||0|0
TrendLine_13|2|1767614400|1767787200|3915.00000|3915.00000|3937500|2|1|0|0|0|||0|0
TrendLine_14|2|1767614400|1768075200|3965.00000|3965.00000|3937500|2|1|0|0|0|||0|0
TrendLine_15|2|1767614400|1768104000|4015.00000|4015.00000|3937500|2|1|0|0|0|||0|0
TrendLine_16|2|1767614400|1767801600|4115.00000|4115.00000|3937500|2|1|0|0|0|||0|0
TrendLine_17|2|1767614400|1768392000|4215.00000|4215.00000|3937500|2|1|0|0|0|||0|0
TrendLine_18|2|1767614400|1767772800|4265.00000|4265.00000|3937500|2|1|0|0|0|||0|0
TrendLine_19|2|1767614400|1768104000|4415.00000|4415.00000|3937500|2|1|0|0|0|||0|0
TrendLine_2|2|1767614400|1768075200|2215.00000|2215.00000|3937500|2|1|0|0|0|||0|0
TrendLine_20|2|1767614400|1768392000|4515.00000|4515.00000|3937500|2|1|0|0|0|||0|0
TrendLine_21|2|1767614400|1767873600|4565.00000|4565.00000|3937500|2|1|0|0|0|||0|0
TrendLine_22|2|1767614400|1767816000|4615.00000|4615.00000|3937500|2|1|0|0|0|||0|0
TrendLine_23|2|1767614400|1767816000|4715.00000|4715.00000|3937500|2|1|0|0|0|||0|0
TrendLine_24|2|1767614400|1768132800|4765.00000|4765.00000|3937500|2|1|0|0|0|||0|0
TrendLine_25|2|1767614400|1767988800|4815.00000|4815.00000|3937500|2|1|0|0|0|||0|0
TrendLine_26|2|1767614400|1767772800|4865.00000|4865.00000|3937500|2|1|0|0|0|||0|0
TrendLine_27|2|1767614400|1767844800|4915.00000|4915.00000|3937500|2|1|0|0|0|||0|0
TrendLine_28|2|1767614400|1767945600|4965.00000|4965.00000|3937500|2|1|0|0|0|||0|0
TrendLine_29|2|1767614400|1768636800|5015.00000|5015.00000|3937500|2|1|0|0|0|||0|0
TrendLine_3|2|1767614400|1767960000|2265.00000|2265.00000|3937500|2|1|0|0|0|||0|0
TrendLine_30|2|1767614400|1767888000|5065.00000|5065.00000|3937500|2|1|0|0|0|||0|0
TrendLine_31|2|1767614400|1767816000|5115.00000|5115.00000|3937500|2|1|0|0|0|||0|0
TrendLine_32|2|1767614400|1767816000|5165.00000|5165.00000|3937500|2|1|0|0|0|||0|0
TrendLine_33|2|1767614400|1768420800|5215.00000|5215.00000|3937500|2|1|0|0|0|||0|0
TrendLine_34|2|1767614400|1768392000|5265.00000|5265.00000|3937500|2|1|0|0|0|||0|0
TrendLine_35|2|1767614400|1767787200|5315.00000|5315.00000|3937500|2|1|0|0|0|||0|0
TrendLine_36|2|1767614400|1770379200|5415.00000|5415.00000|3937500|2|1|0|0|0|||0|0
TrendLine_37|2|1767614400|1768060800|5515.00000|5515.00000|3937500|2|1|0|0|0|||0|0
TrendLine_38|2|1767614400|1768075200|5565.00000|5565.00000|3937500|2|1|0|0|0|||0|0
TrendLine_39|2|1767614400|1768291200|5615.00000|5615.00000|3937500|2|1|0|0|0|||0|0
TrendLine_4|2|1767614400|1767772800|2365.00000|2365.00000|3937500|2|1|0|0|0|||0|0
TrendLine_40|2|1767614400|1768104000|5665.00000|5665.00000|3937500|2|1|0|0|0|||0|0
TrendLine_41|2|1767614400|1768305600|5765.00000|5765.00000|3937500|2|1|0|0|0|||0|0
TrendLine_42|2|1767614400|1768176000|5815.00000|5815.00000|3937500|2|1|0|0|0|||0|0
TrendLine_43|2|1767614400|1770163200|5865.00000|5865.00000|3937500|2|1|0|0|0|||0|0
TrendLine_44|2|1767614400|1768219200|5915.00000|5915.00000|3937500|2|1|0|0|0|||0|0
TrendLine_45|2|1767614400|1770494400|5965.00000|5965.00000|3937500|2|1|0|0|0|||0|0
TrendLine_46|2|1767614400|1768492800|6015.00000|6015.00000|3937500|2|1|0|0|0|||0|0
TrendLine_47|2|1767614400|1768118400|6065.00000|6065.00000|3937500|2|1|0|0|0|||0|0
TrendLine_48|2|1767614400|1768305600|6115.00000|6115.00000|3937500|2|1|0|0|0|||0|0
TrendLine_49|2|1767614400|1767931200|6165.00000|6165.00000|3937500|2|1|0|0|0|||0|0
TrendLine_5|2|1767614400|1767787200|2565.00000|2565.00000|3937500|2|1|0|0|0|||0|0
TrendLine_50|2|1767614400|1768161600|6215.00000|6215.00000|3937500|2|1|0|0|0|||0|0
TrendLine_51|2|1767614400|1767772800|6225.00000|6225.00000|3937500|2|1|0|0|0|||0|0
TrendLine_52|2|1767614400|1768377600|6265.00000|6265.00000|3937500|2|1|0|0|0|||0|0
TrendLine_53|2|1767614400|1768320000|6315.00000|6315.00000|3937500|2|1|0|0|0|||0|0
TrendLine_54|2|1767614400|1768579200|6365.00000|6365.00000|3937500|2|1|0|0|0|||0|0
TrendLine_55|2|1767614400|1767873600|6395.00000|6395.00000|3937500|2|1|0|0|0|||0|0
TrendLine_56|2|1767614400|1768651200|6415.00000|6415.00000|3937500|2|1|0|0|0|||0|0
TrendLine_57|2|1767614400|1768161600|6435.00000|6435.00000|3937500|2|1|0|0|0|||0|0
TrendLine_58|2|1767614400|1768104000|6445.00000|6445.00000|3937500|2|1|0|0|0|||0|0
TrendLine_59|2|1767614400|1768104000|6455.00000|6455.00000|3937500|2|1|0|0|0|||0|0
TrendLine_6|2|1767614400|1767801600|2965.00000|2965.00000|3937500|2|1|0|0|0|||0|0
TrendLine_60|2|1767614400|1768564800|6465.00000|6465.00000|3937500|2|1|0|0|0|||0|0
TrendLine_61|2|1767614400|1768147200|6475.00000|6475.00000|3937500|2|1|0|0|0|||0|0
TrendLine_62|2|1767614400|1769328000|6485.00000|6485.00000|3937500|2|1|0|0|0|||0|0
TrendLine_63|2|1767614400|1767873600|6505.00000|6505.00000|3937500|2|1|0|0|0|||0|0
TrendLine_64|2|1767614400|1768982400|6515.00000|6515.00000|3937500|2|1|0|0|0|||0|0
TrendLine_65|2|1767614400|1768780800|6525.00000|6525.00000|3937500|2|1|0|0|0|||0|0
TrendLine_66|2|1767614400|1767830400|6535.00000|6535.00000|3937500|2|1|0|0|0|||0|0
TrendLine_67|2|1767614400|1768190400|6545.00000|6545.00000|3937500|2|1|0|0|0|||0|0
TrendLine_68|2|1767614400|1768593600|6555.00000|6555.00000|3937500|2|1|0|0|0|||0|0
TrendLine_69|2|1767614400|1768032000|6565.00000|6565.00000|3937500|2|1|0|0|0|||0|0
TrendLine_7|2|1767614400|1767974400|3015.00000|3015.00000|3937500|2|1|0|0|0|||0|0
TrendLine_70|2|1767614400|1768233600|6585.00000|6585.00000|3937500|2|1|0|0|0|||0|0
TrendLine_71|2|1767614400|1768939200|6615.00000|6615.00000|3937500|2|1|0|0|0|||0|0
TrendLine_72|2|1767614400|1768161600|6635.00000|6635.00000|3937500|2|1|0|0|0|||0|0
TrendLine_73|2|1767614400|1768003200|6665.00000|6665.00000|3937500|2|1|0|0|0|||0|0
TrendLine_74|2|1767614400|1768665600|6715.00000|6715.00000|3937500|2|1|0|0|0|||0|0
TrendLine_75|2|1767614400|1767888000|6745.00000|6745.00000|3937500|2|1|0|0|0|||0|0
TrendLine_76|2|1767614400|1767916800|6765.00000|6765.00000|3937500|2|1|0|0|0|||0|0
TrendLine_77|2|1767614400|1769241600|6815.00000|6815.00000|3937500|2|1|0|0|0|||0|0
TrendLine_78|2|1767614400|1767067200|6865.00000|6865.00000|25600|2|0|0|0|0|||0|0
TrendLine_79|2|1767614400|1766404800|6915.00000|6915.00000|25600|2|0|0|0|0|||0|0
TrendLine_8|2|1767614400|1767801600|3065.00000|3065.00000|3937500|2|1|0|0|0|||0|0
TrendLine_80|2|1767614400|1766361600|6965.00000|6965.00000|25600|2|0|0|0|0|||0|0
TrendLine_81|2|1767614400|1765281600|7015.00000|7015.00000|25600|2|0|0|0|0|||0|0
TrendLine_82|2|1767614400|1767182400|7045.00000|7045.00000|25600|2|0|0|0|0|||0|0
TrendLine_83|2|1767614400|1766145600|7065.00000|7065.00000|25600|2|0|0|0|0|||0|0
TrendLine_84|2|1767614400|1766059200|7115.00000|7115.00000|25600|2|0|0|0|0|||0|0
TrendLine_85|2|1767614400|1767182400|7145.00000|7145.00000|25600|2|0|0|0|0|||0|0
TrendLine_86|2|1767614400|1766520000|7165.00000|7165.00000|25600|2|0|0|0|0|||0|0
TrendLine_87|2|1767614400|1766505600|7215.00000|7215.00000|25600|2|0|0|0|0|||0|0
TrendLine_88|2|1767614400|1766476800|7265.00000|7265.00000|25600|2|0|0|0|0|||0|0
TrendLine_89|2|1767614400|1766476800|7315.00000|7315.00000|25600|2|0|0|0|0|||0|0
TrendLine_9|2|1767614400|1767859200|3215.00000|3215.00000|3937500|2|1|0|0|0|||0|0
TrendLine_90|2|1767614400|1766433600|7365.00000|7365.00000|25600|2|0|0|0|0|||0|0
TrendLine_91|2|1767614400|1766433600|7415.00000|7415.00000|25600|2|0|0|0|0|||0|0
TrendLine_92|2|1767614400|1767024000|7465.00000|7465.00000|25600|2|0|0|0|0|||0|0
TrendLine_93|2|1767614400|1766404800|7515.00000|7515.00000|25600|2|0|0|0|0|||0|0
TrendLine_94|2|1767614400|1767182400|7565.00000|7565.00000|25600|2|0|0|0|0|||0|0
TrendLine_95|2|1767614400|1767168000|7665.00000|7665.00000|25600|2|0|0|0|0|||0|0
TrendLine_96|2|1767614400|1766764800|7715.00000|7715.00000|25600|2|0|0|0|0|||0|0
TrendLine_97|2|1767614400|1767168000|7915.00000|7915.00000|25600|2|0|0|0|0|||0|0
TrendLine_98|2|1767614400|1766476800|8015.00000|8015.00000|25600|2|0|0|0|0|||0|0
TrendLine_99|2|1767614400|1767124800|8115.00000|8115.00000|25600|2|0|0|0|0|||0|0
Vertical Line 10187|0|1768593600|0|0.00000|0.00000|8421504|1|2|0|0|0|||0|0
VolumeText_0|21|1768521600|0|2115.10000|0.00000|3937500|1|0|0|0|0|21951||7|0|1|0|0|0
VolumeText_1|21|1768104000|0|2165.10000|0.00000|3937500|1|0|0|0|0|8916||7|0|1|0|0|0
VolumeText_10|21|1768104000|0|3265.10000|0.00000|3937500|1|0|0|0|0|8866||7|0|1|0|0|0
VolumeText_100|21|1766966400|0|8165.10000|0.00000|25600|1|0|0|0|0|5188||7|0|1|0|0|0
VolumeText_101|21|1766520000|0|8265.10000|0.00000|25600|1|0|0|0|0|11267||7|0|1|0|0|0
VolumeText_102|21|1766736000|0|8315.10000|0.00000|25600|1|0|0|0|0|6961||7|0|1|0|0|0
VolumeText_103|21|1766563200|0|8365.10000|0.00000|25600|1|0|0|0|0|9844||7|0|1|0|0|0
VolumeText_104|21|1764777600|0|8415.10000|0.00000|25600|1|0|0|0|0|50138||7|0|1|0|0|0
VolumeText_105|21|1766577600|0|8665.10000|0.00000|25600|1|0|0|0|0|9258||7|0|1|0|0|0
VolumeText_106|21|1766361600|0|8715.10000|0.00000|25600|1|0|0|0|0|16295||7|0|1|0|0|0
VolumeText_107|21|1766088000|0|8765.10000|0.00000|25600|1|0|0|0|0|19355||7|0|1|0|0|0
VolumeText_108|21|1766563200|0|8915.10000|0.00000|25600|1|0|0|0|0|9498||7|0|1|0|0|0
VolumeText_11|21|1768276800|0|3515.10000|0.00000|3937500|1|0|0|0|0|14095||7|0|1|0|0|0
VolumeText_12|21|1768003200|0|3665.10000|0.00000|3937500|1|0|0|0|0|5445||7|0|1|0|0|0
VolumeText_13|21|1768003200|0|3915.10000|0.00000|3937500|1|0|0|0|0|5362||7|0|1|0|0|0
VolumeText_14|21|1768291200|0|3965.10000|0.00000|3937500|1|0|0|0|0|14546||7|0|1|0|0|0
VolumeText_15|21|1768320000|0|4015.10000|0.00000|3937500|1|0|0|0|0|15893||7|0|1|0|0|0
VolumeText_16|21|1768017600|0|4115.10000|0.00000|3937500|1|0|0|0|0|5844||7|0|1|0|0|0
VolumeText_17|21|1768608000|0|4215.10000|0.00000|3937500|1|0|0|0|0|25020||7|0|1|0|0|0
VolumeText_18|21|1767988800|0|4265.10000|0.00000|3937500|1|0|0|0|0|5172||7|0|1|0|0|0
VolumeText_19|21|1768320000|0|4415.10000|0.00000|3937500|1|0|0|0|0|15806||7|0|1|0|0|0
VolumeText_2|21|1768291200|0|2215.10000|0.00000|3937500|1|0|0|0|0|14897||7|0|1|0|0|0
VolumeText_20|21|1768608000|0|4515.10000|0.00000|3937500|1|0|0|0|0|24760||7|0|1|0|0|0
VolumeText_21|21|1768089600|0|4565.10000|0.00000|3937500|1|0|0|0|0|8284||7|0|1|0|0|0
VolumeText_22|21|1768032000|0|4615.10000|0.00000|3937500|1|0|0|0|0|6589||7|0|1|0|0|0
VolumeText_23|21|1768032000|0|4715.10000|0.00000|3937500|1|0|0|0|0|6307||7|0|1|0|0|0
VolumeText_24|21|1768348800|0|4765.10000|0.00000|3937500|1|0|0|0|0|16420||7|0|1|0|0|0
VolumeText_25|21|1768204800|0|4815.10000|0.00000|3937500|1|0|0|0|0|12159||7|0|1|0|0|0
VolumeText_26|21|1767988800|0|4865.10000|0.00000|3937500|1|0|0|0|0|5220||7|0|1|0|0|0
VolumeText_27|21|1768060800|0|4915.10000|0.00000|3937500|1|0|0|0|0|7478||7|0|1|0|0|0
VolumeText_28|21|1768161600|0|4965.10000|0.00000|3937500|1|0|0|0|0|10382||7|0|1|0|0|0
VolumeText_29|21|1768852800|0|5015.10000|0.00000|3937500|1|0|0|0|0|32961||7|0|1|0|0|0
VolumeText_3|21|1768176000|0|2265.10000|0.00000|3937500|1|0|0|0|0|11093||7|0|1|0|0|0
VolumeText_30|21|1768104000|0|5065.10000|0.00000|3937500|1|0|0|0|0|8749||7|0|1|0|0|0
VolumeText_31|21|1768032000|0|5115.10000|0.00000|3937500|1|0|0|0|0|6555||7|0|1|0|0|0
VolumeText_32|21|1768032000|0|5165.10000|0.00000|3937500|1|0|0|0|0|6260||7|0|1|0|0|0
VolumeText_33|21|1768636800|0|5215.10000|0.00000|3937500|1|0|0|0|0|25635||7|0|1|0|0|0
VolumeText_34|21|1768608000|0|5265.10000|0.00000|3937500|1|0|0|0|0|24851||7|0|1|0|0|0
VolumeText_35|21|1768003200|0|5315.10000|0.00000|3937500|1|0|0|0|0|5310||7|0|1|0|0|0
VolumeText_36|21|1770595200|0|5415.10000|0.00000|3937500|1|0|0|0|0|88511||7|0|1|0|0|0
VolumeText_37|21|1768276800|0|5515.10000|0.00000|3937500|1|0|0|0|0|14259||7|0|1|0|0|0
VolumeText_38|21|1768291200|0|5565.10000|0.00000|3937500|1|0|0|0|0|14894||7|0|1|0|0|0
VolumeText_39|21|1768507200|0|5615.10000|0.00000|3937500|1|0|0|0|0|21766||7|0|1|0|0|0
VolumeText_4|21|1767988800|0|2365.10000|0.00000|3937500|1|0|0|0|0|5100||7|0|1|0|0|0
VolumeText_40|21|1768320000|0|5665.10000|0.00000|3937500|1|0|0|0|0|15801||7|0|1|0|0|0
VolumeText_41|21|1768521600|0|5765.10000|0.00000|3937500|1|0|0|0|0|22052||7|0|1|0|0|0
VolumeText_42|21|1768392000|0|5815.10000|0.00000|3937500|1|0|0|0|0|17862||7|0|1|0|0|0
VolumeText_43|21|1770379200|0|5865.10000|0.00000|3937500|1|0|0|0|0|81518||7|0|1|0|0|0
VolumeText_44|21|1768435200|0|5915.10000|0.00000|3937500|1|0|0|0|0|19562||7|0|1|0|0|0
VolumeText_45|21|1770710400|0|5965.10000|0.00000|3937500|1|0|0|0|0|92258||7|0|1|0|0|0
VolumeText_46|21|1768708800|0|6015.10000|0.00000|3937500|1|0|0|0|0|27998||7|0|1|0|0|0
VolumeText_47|21|1768334400|0|6065.10000|0.00000|3937500|1|0|0|0|0|15942||7|0|1|0|0|0
VolumeText_48|21|1768521600|0|6115.10000|0.00000|3937500|1|0|0|0|0|22205||7|0|1|0|0|0
VolumeText_49|21|1768147200|0|6165.10000|0.00000|3937500|1|0|0|0|0|10347||7|0|1|0|0|0
VolumeText_5|21|1768003200|0|2565.10000|0.00000|3937500|1|0|0|0|0|5368||7|0|1|0|0|0
VolumeText_50|21|1768377600|0|6215.10000|0.00000|3937500|1|0|0|0|0|17600||7|0|1|0|0|0
VolumeText_51|21|1767988800|0|6225.10000|0.00000|3937500|1|0|0|0|0|5184||7|0|1|0|0|0
VolumeText_52|21|1768593600|0|6265.10000|0.00000|3937500|1|0|0|0|0|24543||7|0|1|0|0|0
VolumeText_53|21|1768536000|0|6315.10000|0.00000|3937500|1|0|0|0|0|22525||7|0|1|0|0|0
VolumeText_54|21|1768795200|0|6365.10000|0.00000|3937500|1|0|0|0|0|30885||7|0|1|0|0|0
VolumeText_55|21|1768089600|0|6395.10000|0.00000|3937500|1|0|0|0|0|8496||7|0|1|0|0|0
VolumeText_56|21|1768867200|0|6415.10000|0.00000|3937500|1|0|0|0|0|33334||7|0|1|0|0|0
VolumeText_57|21|1768377600|0|6435.10000|0.00000|3937500|1|0|0|0|0|17424||7|0|1|0|0|0
VolumeText_58|21|1768320000|0|6445.10000|0.00000|3937500|1|0|0|0|0|15535||7|0|1|0|0|0
VolumeText_59|21|1768320000|0|6455.10000|0.00000|3937500|1|0|0|0|0|15736||7|0|1|0|0|0
VolumeText_6|21|1768017600|0|2965.10000|0.00000|3937500|1|0|0|0|0|6221||7|0|1|0|0|0
VolumeText_60|21|1768780800|0|6465.10000|0.00000|3937500|1|0|0|0|0|30419||7|0|1|0|0|0
VolumeText_61|21|1768363200|0|6475.10000|0.00000|3937500|1|0|0|0|0|16902||7|0|1|0|0|0
VolumeText_62|21|1769544000|0|6485.10000|0.00000|3937500|1|0|0|0|0|54783||7|0|1|0|0|0
VolumeText_63|21|1768089600|0|6505.10000|0.00000|3937500|1|0|0|0|0|8266||7|0|1|0|0|0
VolumeText_64|21|1769198400|0|6515.10000|0.00000|3937500|1|0|0|0|0|43778||7|0|1|0|0|0
VolumeText_65|21|1768996800|0|6525.10000|0.00000|3937500|1|0|0|0|0|37356||7|0|1|0|0|0
VolumeText_66|21|1768046400|0|6535.10000|0.00000|3937500|1|0|0|0|0|6881||7|0|1|0|0|0
VolumeText_67|21|1768406400|0|6545.10000|0.00000|3937500|1|0|0|0|0|18620||7|0|1|0|0|0
VolumeText_68|21|1768809600|0|6555.10000|0.00000|3937500|1|0|0|0|0|31355||7|0|1|0|0|0
VolumeText_69|21|1768248000|0|6565.10000|0.00000|3937500|1|0|0|0|0|13417||7|0|1|0|0|0
VolumeText_7|21|1768190400|0|3015.10000|0.00000|3937500|1|0|0|0|0|11643||7|0|1|0|0|0
VolumeText_70|21|1768449600|0|6585.10000|0.00000|3937500|1|0|0|0|0|19892||7|0|1|0|0|0
VolumeText_71|21|1769155200|0|6615.10000|0.00000|3937500|1|0|0|0|0|42260||7|0|1|0|0|0
VolumeText_72|21|1768377600|0|6635.10000|0.00000|3937500|1|0|0|0|0|17304||7|0|1|0|0|0
VolumeText_73|21|1768219200|0|6665.10000|0.00000|3937500|1|0|0|0|0|12320||7|0|1|0|0|0
VolumeText_74|21|1768881600|0|6715.10000|0.00000|3937500|1|0|0|0|0|33776||7|0|1|0|0|0
VolumeText_75|21|1768104000|0|6745.10000|0.00000|3937500|1|0|0|0|0|8625||7|0|1|0|0|0
VolumeText_76|21|1768132800|0|6765.10000|0.00000|3937500|1|0|0|0|0|9607||7|0|1|0|0|0
VolumeText_77|21|1769457600|0|6815.10000|0.00000|3937500|1|0|0|0|0|52053||7|0|1|0|0|0
VolumeText_78|21|1766592000|0|6865.10000|0.00000|25600|1|0|0|0|0|8664||7|0|1|0|0|0
VolumeText_79|21|1766016000|0|6915.10000|0.00000|25600|1|0|0|0|0|21811||7|0|1|0|0|0
VolumeText_8|21|1768017600|0|3065.10000|0.00000|3937500|1|0|0|0|0|6091||7|0|1|0|0|0
VolumeText_80|21|1765972800|0|6965.10000|0.00000|25600|1|0|0|0|0|22928||7|0|1|0|0|0
VolumeText_81|21|1764892800|0|7015.10000|0.00000|25600|1|0|0|0|0|46608||7|0|1|0|0|0
VolumeText_82|21|1766966400|0|7045.10000|0.00000|25600|1|0|0|0|0|5183||7|0|1|0|0|0
VolumeText_83|21|1765929600|0|7065.10000|0.00000|25600|1|0|0|0|0|24372||7|0|1|0|0|0
VolumeText_84|21|1765843200|0|7115.10000|0.00000|25600|1|0|0|0|0|27445||7|0|1|0|0|0
VolumeText_85|21|1766966400|0|7145.10000|0.00000|25600|1|0|0|0|0|5213||7|0|1|0|0|0
VolumeText_86|21|1766131200|0|7165.10000|0.00000|25600|1|0|0|0|0|17982||7|0|1|0|0|0
VolumeText_87|21|1766116800|0|7215.10000|0.00000|25600|1|0|0|0|0|18535||7|0|1|0|0|0
VolumeText_88|21|1766088000|0|7265.10000|0.00000|25600|1|0|0|0|0|19327||7|0|1|0|0|0
VolumeText_89|21|1766088000|0|7315.10000|0.00000|25600|1|0|0|0|0|19148||7|0|1|0|0|0
VolumeText_9|21|1768075200|0|3215.10000|0.00000|3937500|1|0|0|0|0|7668||7|0|1|0|0|0
VolumeText_90|21|1766044800|0|7365.10000|0.00000|25600|1|0|0|0|0|20739||7|0|1|0|0|0
VolumeText_91|21|1766044800|0|7415.10000|0.00000|25600|1|0|0|0|0|20603||7|0|1|0|0|0
VolumeText_92|21|1766548800|0|7465.10000|0.00000|25600|1|0|0|0|0|10354||7|0|1|0|0|0
VolumeText_93|21|1766016000|0|7515.10000|0.00000|25600|1|0|0|0|0|21815||7|0|1|0|0|0
VolumeText_94|21|1766966400|0|7565.10000|0.00000|25600|1|0|0|0|0|5261||7|0|1|0|0|0
VolumeText_95|21|1766779200|0|7665.10000|0.00000|25600|1|0|0|0|0|5747||7|0|1|0|0|0
VolumeText_96|21|1766462400|0|7715.10000|0.00000|25600|1|0|0|0|0|13121||7|0|1|0|0|0
VolumeText_97|21|1766779200|0|7915.10000|0.00000|25600|1|0|0|0|0|5442||7|0|1|0|0|0
VolumeText_98|21|1766088000|0|8015.10000|0.00000|25600|1|0|0|0|0|19397||7|0|1|0|0|0
VolumeText_99|21|1766736000|0|8115.10000|0.00000|25600|1|0|0|0|0|6938||7|0|1|0|0|0
