MT4_OBJECT_SYNC_FORMAT_v6
UTC_REF|1767607200|6875.60000
Label 44468|23|0|0|0.00000|0.00000|0|1|0|0|0|0|PH-SpMensFTR||8|0|0|325|3|0
TrendLine_0|2|1767614400|1768046400|4357.85000|4357.85000|255|2|1|0|0|0|||0|0
TrendLine_1|2|1767614400|1767974400|4457.85000|4457.85000|255|2|1|0|0|0|||0|0
TrendLine_10|2|1767614400|1767787200|5107.85000|5107.85000|255|2|1|0|0|0|||0|0
TrendLine_11|2|1767614400|1768348800|5157.85000|5157.85000|255|2|1|0|0|0|||0|0
TrendLine_12|2|1767614400|1768118400|5207.85000|5207.85000|255|2|1|0|0|0|||0|0
TrendLine_13|2|1767614400|1768017600|5257.85000|5257.85000|255|2|1|0|0|0|||0|0
TrendLine_14|2|1767614400|1767772800|5282.85000|5282.85000|255|2|1|0|0|0|||0|0
TrendLine_15|2|1767614400|1767772800|5307.85000|5307.85000|255|2|1|0|0|0|||0|0
TrendLine_16|2|1767614400|1768060800|5357.85000|5357.85000|255|2|1|0|0|0|||0|0
TrendLine_17|2|1767614400|1768694400|5407.85000|5407.85000|255|2|1|0|0|0|||0|0
TrendLine_18|2|1767614400|1768464000|5432.85000|5432.85000|255|2|1|0|0|0|||0|0
TrendLine_19|2|1767614400|1768204800|5457.85000|5457.85000|255|2|1|0|0|0|||0|0
TrendLine_2|2|1767614400|1767787200|4557.85000|4557.85000|255|2|1|0|0|0|||0|0
TrendLine_20|2|1767614400|1768521600|5482.85000|5482.85000|255|2|1|0|0|0|||0|0
TrendLine_21|2|1767614400|1768291200|5507.85000|5507.85000|255|2|1|0|0|0|||0|0
TrendLine_22|2|1767614400|1768507200|5557.85000|5557.85000|255|2|1|0|0|0|||0|0
TrendLine_23|2|1767614400|1767859200|5582.85000|5582.85000|255|2|1|0|0|0|||0|0
TrendLine_24|2|1767614400|1767974400|5607.85000|5607.85000|255|2|1|0|0|0|||0|0
TrendLine_25|2|1767614400|1767902400|5632.85000|5632.85000|255|2|1|0|0|0|||0|0
TrendLine_26|2|1767614400|1768118400|5657.85000|5657.85000|255|2|1|0|0|0|||0|0
TrendLine_27|2|1767614400|1767758400|5682.85000|5682.85000|255|2|1|0|0|0|||0|0
TrendLine_28|2|1767614400|1767801600|5707.85000|5707.85000|255|2|1|0|0|0|||0|0
TrendLine_29|2|1767614400|1768824000|5757.85000|5757.85000|255|2|1|0|0|0|||0|0
TrendLine_3|2|1767614400|1767816000|4657.85000|4657.85000|255|2|1|0|0|0|||0|0
TrendLine_30|2|1767614400|1767772800|5782.85000|5782.85000|255|2|1|0|0|0|||0|0
TrendLine_31|2|1767614400|1767888000|5807.85000|5807.85000|255|2|1|0|0|0|||0|0
TrendLine_32|2|1767614400|1767744000|5832.85000|5832.85000|255|2|1|0|0|0|||0|0
TrendLine_33|2|1767614400|1768204800|5857.85000|5857.85000|255|2|1|0|0|0|||0|0
TrendLine_34|2|1767614400|1767830400|5882.85000|5882.85000|255|2|1|0|0|0|||0|0
TrendLine_35|2|1767614400|1768939200|5907.85000|5907.85000|255|2|1|0|0|0|||0|0
TrendLine_36|2|1767614400|1767744000|5932.85000|5932.85000|255|2|1|0|0|0|||0|0
TrendLine_37|2|1767614400|1768176000|5957.85000|5957.85000|255|2|1|0|0|0|||0|0
TrendLine_38|2|1767614400|1768536000|6007.85000|6007.85000|255|2|1|0|0|0|||0|0
TrendLine_39|2|1767614400|1767945600|6057.85000|6057.85000|255|2|1|0|0|0|||0|0
TrendLine_4|2|1767614400|1767787200|4757.85000|4757.85000|255|2|1|0|0|0|||0|0
TrendLine_40|2|1767614400|1768248000|6107.85000|6107.85000|255|2|1|0|0|0|||0|0
TrendLine_41|2|1767614400|1768680000|6157.85000|6157.85000|255|2|1|0|0|0|||0|0
TrendLine_42|2|1767614400|1767830400|6182.85000|6182.85000|255|2|1|0|0|0|||0|0
TrendLine_43|2|1767614400|1768651200|6207.85000|6207.85000|255|2|1|0|0|0|||0|0
TrendLine_44|2|1767614400|1767844800|6232.85000|6232.85000|255|2|1|0|0|0|||0|0
TrendLine_45|2|1767614400|1768118400|6257.85000|6257.85000|255|2|1|0|0|0|||0|0
TrendLine_46|2|1767614400|1767844800|6282.85000|6282.85000|255|2|1|0|0|0|||0|0
TrendLine_47|2|1767614400|1768435200|6307.85000|6307.85000|255|2|1|0|0|0|||0|0
TrendLine_48|2|1767614400|1768276800|6357.85000|6357.85000|255|2|1|0|0|0|||0|0
TrendLine_49|2|1767614400|1768406400|6382.85000|6382.85000|255|2|1|0|0|0|||0|0
TrendLine_5|2|1767614400|1767787200|4807.85000|4807.85000|255|2|1|0|0|0|||0|0
TrendLine_50|2|1767614400|1768075200|6407.85000|6407.85000|255|2|1|0|0|0|||0|0
TrendLine_51|2|1767614400|1767844800|6432.85000|6432.85000|255|2|1|0|0|0|||0|0
TrendLine_52|2|1767614400|1768089600|6457.85000|6457.85000|255|2|1|0|0|0|||0|0
TrendLine_53|2|1767614400|1767801600|6482.85000|6482.85000|255|2|1|0|0|0|||0|0
TrendLine_54|2|1767614400|1768262400|6507.85000|6507.85000|255|2|1|0|0|0|||0|0
TrendLine_55|2|1767614400|1768032000|6532.85000|6532.85000|255|2|1|0|0|0|||0|0
TrendLine_56|2|1767614400|1767916800|6557.85000|6557.85000|255|2|1|0|0|0|||0|0
TrendLine_57|2|1767614400|1768132800|6582.85000|6582.85000|255|2|1|0|0|0|||0|0
TrendLine_58|2|1767614400|1768248000|6607.85000|6607.85000|255|2|1|0|0|0|||0|0
TrendLine_59|2|1767614400|1767772800|6632.85000|6632.85000|255|2|1|0|0|0|||0|0
TrendLine_6|2|1767614400|1768104000|4857.85000|4857.85000|255|2|1|0|0|0|||0|0
TrendLine_60|2|1767614400|1767945600|6657.85000|6657.85000|255|2|1|0|0|0|||0|0
TrendLine_61|2|1767614400|1767988800|6682.85000|6682.85000|255|2|1|0|0|0|||0|0
TrendLine_62|2|1767614400|1767830400|6707.85000|6707.85000|255|2|1|0|0|0|||0|0
TrendLine_63|2|1767614400|1767902400|6732.85000|6732.85000|255|2|1|0|0|0|||0|0
TrendLine_64|2|1767614400|1767974400|6757.85000|6757.85000|255|2|1|0|0|0|||0|0
TrendLine_65|2|1767614400|1767182400|6907.85000|6907.85000|32768|2|0|0|0|0|||0|0
TrendLine_66|2|1767614400|1767182400|6932.85000|6932.85000|32768|2|0|0|0|0|||0|0
TrendLine_67|2|1767614400|1765512000|6957.85000|6957.85000|32768|2|0|0|0|0|||0|0
TrendLine_68|2|1767614400|1767067200|6982.85000|6982.85000|32768|2|0|0|0|0|||0|0
TrendLine_69|2|1767614400|1767182400|6997.85000|6997.85000|32768|2|0|0|0|0|||0|0
TrendLine_7|2|1767614400|1769169600|4957.85000|4957.85000|255|2|1|0|0|0|||0|0
TrendLine_70|2|1767614400|1763136000|7007.85000|7007.85000|32768|2|0|0|0|0|||0|0
TrendLine_71|2|1767614400|1766995200|7032.85000|7032.85000|32768|2|0|0|0|0|||0|0
TrendLine_72|2|1767614400|1763136000|7057.85000|7057.85000|32768|2|0|0|0|0|||0|0
TrendLine_73|2|1767614400|1767009600|7082.85000|7082.85000|32768|2|0|0|0|0|||0|0
TrendLine_74|2|1767614400|1765756800|7107.85000|7107.85000|32768|2|0|0|0|0|||0|0
TrendLine_75|2|1767614400|1767096000|7132.85000|7132.85000|32768|2|0|0|0|0|||0|0
TrendLine_76|2|1767614400|1765857600|7157.85000|7157.85000|32768|2|0|0|0|0|||0|0
TrendLine_77|2|1767614400|1767067200|7182.85000|7182.85000|32768|2|0|0|0|0|||0|0
TrendLine_78|2|1767614400|1766966400|7207.85000|7207.85000|32768|2|0|0|0|0|||0|0
TrendLine_79|2|1767614400|1767168000|7232.85000|7232.85000|32768|2|0|0|0|0|||0|0
TrendLine_8|2|1767614400|1768680000|5007.85000|5007.85000|255|2|1|0|0|0|||0|0
TrendLine_80|2|1767614400|1766577600|7257.85000|7257.85000|32768|2|0|0|0|0|||0|0
TrendLine_81|2|1767614400|1767182400|7282.85000|7282.85000|32768|2|0|0|0|0|||0|0
TrendLine_82|2|1767614400|1767139200|7307.85000|7307.85000|32768|2|0|0|0|0|||0|0
TrendLine_83|2|1767614400|1767182400|7332.85000|7332.85000|32768|2|0|0|0|0|||0|0
TrendLine_84|2|1767614400|1766995200|7357.85000|7357.85000|32768|2|0|0|0|0|||0|0
TrendLine_85|2|1767614400|1766980800|7382.85000|7382.85000|32768|2|0|0|0|0|||0|0
TrendLine_86|2|1767614400|1767024000|7407.85000|7407.85000|32768|2|0|0|0|0|||0|0
TrendLine_87|2|1767614400|1767182400|7432.85000|7432.85000|32768|2|0|0|0|0|||0|0
TrendLine_88|2|1767614400|1767081600|7457.85000|7457.85000|32768|2|0|0|0|0|||0|0
TrendLine_89|2|1767614400|1767081600|7507.85000|7507.85000|32768|2|0|0|0|0|||0|0
TrendLine_9|2|1767614400|1767988800|5057.85000|5057.85000|255|2|1|0|0|0|||0|0
TrendLine_90|2|1767614400|1767038400|7657.85000|7657.85000|32768|2|0|0|0|0|||0|0
TrendLine_91|2|1767614400|1767182400|7707.85000|7707.85000|32768|2|0|0|0|0|||0|0
TrendLine_92|2|1767614400|1767124800|7757.85000|7757.85000|32768|2|0|0|0|0|||0|0
TrendLine_93|2|1767614400|1767168000|7957.85000|7957.85000|32768|2|0|0|0|0|||0|0
TrendLine_94|2|1767614400|1767139200|8057.85000|8057.85000|32768|2|0|0|0|0|||0|0
Vertical Line 10213|0|1768593600|0|0.00000|0.00000|8421504|1|2|0|0|0|||0|0
VolumeText_0|21|1768190400|0|4357.95000|0.00000|255|1|0|0|0|0|3310||7|0|1|0|0|0
VolumeText_1|21|1768118400|0|4457.95000|0.00000|255|1|0|0|0|0|2761||7|0|1|0|0|0
VolumeText_10|21|1767931200|0|5107.95000|0.00000|255|1|0|0|0|0|1339||7|0|1|0|0|0
VolumeText_11|21|1768492800|0|5157.95000|0.00000|255|1|0|0|0|0|5548||7|0|1|0|0|0
VolumeText_12|21|1768262400|0|5207.95000|0.00000|255|1|0|0|0|0|3886||7|0|1|0|0|0
VolumeText_13|21|1768161600|0|5257.95000|0.00000|255|1|0|0|0|0|3048||7|0|1|0|0|0
VolumeText_14|21|1767916800|0|5282.95000|0.00000|255|1|0|0|0|0|1223||7|0|1|0|0|0
VolumeText_15|21|1767916800|0|5307.95000|0.00000|255|1|0|0|0|0|1186||7|0|1|0|0|0
VolumeText_16|21|1768204800|0|5357.95000|0.00000|255|1|0|0|0|0|3436||7|0|1|0|0|0
VolumeText_17|21|1768838400|0|5407.95000|0.00000|255|1|0|0|0|0|8232||7|0|1|0|0|0
VolumeText_18|21|1768608000|0|5432.95000|0.00000|255|1|0|0|0|0|6481||7|0|1|0|0|0
VolumeText_19|21|1768348800|0|5457.95000|0.00000|255|1|0|0|0|0|4496||7|0|1|0|0|0
VolumeText_2|21|1767931200|0|4557.95000|0.00000|255|1|0|0|0|0|1265||7|0|1|0|0|0
VolumeText_20|21|1768665600|0|5482.95000|0.00000|255|1|0|0|0|0|6945||7|0|1|0|0|0
VolumeText_21|21|1768435200|0|5507.95000|0.00000|255|1|0|0|0|0|5119||7|0|1|0|0|0
VolumeText_22|21|1768651200|0|5557.95000|0.00000|255|1|0|0|0|0|6847||7|0|1|0|0|0
VolumeText_23|21|1768003200|0|5582.95000|0.00000|255|1|0|0|0|0|1834||7|0|1|0|0|0
VolumeText_24|21|1768118400|0|5607.95000|0.00000|255|1|0|0|0|0|2699||7|0|1|0|0|0
VolumeText_25|21|1768046400|0|5632.95000|0.00000|255|1|0|0|0|0|2208||7|0|1|0|0|0
VolumeText_26|21|1768262400|0|5657.95000|0.00000|255|1|0|0|0|0|3827||7|0|1|0|0|0
VolumeText_27|21|1767902400|0|5682.95000|0.00000|255|1|0|0|0|0|1074||7|0|1|0|0|0
VolumeText_28|21|1767945600|0|5707.95000|0.00000|255|1|0|0|0|0|1371||7|0|1|0|0|0
VolumeText_29|21|1768968000|0|5757.95000|0.00000|255|1|0|0|0|0|9178||7|0|1|0|0|0
VolumeText_3|21|1767960000|0|4657.95000|0.00000|255|1|0|0|0|0|1572||7|0|1|0|0|0
VolumeText_30|21|1767916800|0|5782.95000|0.00000|255|1|0|0|0|0|1229||7|0|1|0|0|0
VolumeText_31|21|1768032000|0|5807.95000|0.00000|255|1|0|0|0|0|2105||7|0|1|0|0|0
VolumeText_32|21|1767888000|0|5832.95000|0.00000|255|1|0|0|0|0|1021||7|0|1|0|0|0
VolumeText_33|21|1768348800|0|5857.95000|0.00000|255|1|0|0|0|0|4447||7|0|1|0|0|0
VolumeText_34|21|1767974400|0|5882.95000|0.00000|255|1|0|0|0|0|1666||7|0|1|0|0|0
VolumeText_35|21|1769083200|0|5907.95000|0.00000|255|1|0|0|0|0|10083||7|0|1|0|0|0
VolumeText_36|21|1767888000|0|5932.95000|0.00000|255|1|0|0|0|0|1031||7|0|1|0|0|0
VolumeText_37|21|1768320000|0|5957.95000|0.00000|255|1|0|0|0|0|4227||7|0|1|0|0|0
VolumeText_38|21|1768680000|0|6007.95000|0.00000|255|1|0|0|0|0|7019||7|0|1|0|0|0
VolumeText_39|21|1768089600|0|6057.95000|0.00000|255|1|0|0|0|0|2519||7|0|1|0|0|0
VolumeText_4|21|1767931200|0|4757.95000|0.00000|255|1|0|0|0|0|1339||7|0|1|0|0|0
VolumeText_40|21|1768392000|0|6107.95000|0.00000|255|1|0|0|0|0|4850||7|0|1|0|0|0
VolumeText_41|21|1768824000|0|6157.95000|0.00000|255|1|0|0|0|0|8110||7|0|1|0|0|0
VolumeText_42|21|1767974400|0|6182.95000|0.00000|255|1|0|0|0|0|1685||7|0|1|0|0|0
VolumeText_43|21|1768795200|0|6207.95000|0.00000|255|1|0|0|0|0|7879||7|0|1|0|0|0
VolumeText_44|21|1767988800|0|6232.95000|0.00000|255|1|0|0|0|0|1703||7|0|1|0|0|0
VolumeText_45|21|1768262400|0|6257.95000|0.00000|255|1|0|0|0|0|3853||7|0|1|0|0|0
VolumeText_46|21|1767988800|0|6282.95000|0.00000|255|1|0|0|0|0|1720||7|0|1|0|0|0
VolumeText_47|21|1768579200|0|6307.95000|0.00000|255|1|0|0|0|0|6224||7|0|1|0|0|0
VolumeText_48|21|1768420800|0|6357.95000|0.00000|255|1|0|0|0|0|5027||7|0|1|0|0|0
VolumeText_49|21|1768550400|0|6382.95000|0.00000|255|1|0|0|0|0|6007||7|0|1|0|0|0
VolumeText_5|21|1767931200|0|4807.95000|0.00000|255|1|0|0|0|0|1269||7|0|1|0|0|0
VolumeText_50|21|1768219200|0|6407.95000|0.00000|255|1|0|0|0|0|3544||7|0|1|0|0|0
VolumeText_51|21|1767988800|0|6432.95000|0.00000|255|1|0|0|0|0|1761||7|0|1|0|0|0
VolumeText_52|21|1768233600|0|6457.95000|0.00000|255|1|0|0|0|0|3604||7|0|1|0|0|0
VolumeText_53|21|1767945600|0|6482.95000|0.00000|255|1|0|0|0|0|1475||7|0|1|0|0|0
VolumeText_54|21|1768406400|0|6507.95000|0.00000|255|1|0|0|0|0|4918||7|0|1|0|0|0
VolumeText_55|21|1768176000|0|6532.95000|0.00000|255|1|0|0|0|0|3188||7|0|1|0|0|0
VolumeText_56|21|1768060800|0|6557.95000|0.00000|255|1|0|0|0|0|2257||7|0|1|0|0|0
VolumeText_57|21|1768276800|0|6582.95000|0.00000|255|1|0|0|0|0|3927||7|0|1|0|0|0
VolumeText_58|21|1768392000|0|6607.95000|0.00000|255|1|0|0|0|0|4807||7|0|1|0|0|0
VolumeText_59|21|1767916800|0|6632.95000|0.00000|255|1|0|0|0|0|1186||7|0|1|0|0|0
VolumeText_6|21|1768248000|0|4857.95000|0.00000|255|1|0|0|0|0|3743||7|0|1|0|0|0
VolumeText_60|21|1768089600|0|6657.95000|0.00000|255|1|0|0|0|0|2501||7|0|1|0|0|0
VolumeText_61|21|1768132800|0|6682.95000|0.00000|255|1|0|0|0|0|2859||7|0|1|0|0|0
VolumeText_62|21|1767974400|0|6707.95000|0.00000|255|1|0|0|0|0|1621||7|0|1|0|0|0
VolumeText_63|21|1768046400|0|6732.95000|0.00000|255|1|0|0|0|0|2204||7|0|1|0|0|0
VolumeText_64|21|1768118400|0|6757.95000|0.00000|255|1|0|0|0|0|2694||7|0|1|0|0|0
VolumeText_65|21|1767038400|0|6907.95000|0.00000|32768|1|0|0|0|0|1152||7|0|1|0|0|0
VolumeText_66|21|1767038400|0|6932.95000|0.00000|32768|1|0|0|0|0|1181||7|0|1|0|0|0
VolumeText_67|21|1765368000|0|6957.95000|0.00000|32768|1|0|0|0|0|9282||7|0|1|0|0|0
VolumeText_68|21|1766750400|0|6982.95000|0.00000|32768|1|0|0|0|0|2111||7|0|1|0|0|0
VolumeText_69|21|1767038400|0|6997.95000|0.00000|32768|1|0|0|0|0|1230||7|0|1|0|0|0
VolumeText_7|21|1769313600|0|4957.95000|0.00000|255|1|0|0|0|0|11806||7|0|1|0|0|0
VolumeText_70|21|1762992000|0|7007.95000|0.00000|32768|1|0|0|0|0|21916||7|0|1|0|0|0
VolumeText_71|21|1766592000|0|7032.95000|0.00000|32768|1|0|0|0|0|2610||7|0|1|0|0|0
VolumeText_72|21|1762992000|0|7057.95000|0.00000|32768|1|0|0|0|0|21935||7|0|1|0|0|0
VolumeText_73|21|1766606400|0|7082.95000|0.00000|32768|1|0|0|0|0|2501||7|0|1|0|0|0
VolumeText_74|21|1765440000|0|7107.95000|0.00000|32768|1|0|0|0|0|8818||7|0|1|0|0|0
VolumeText_75|21|1766779200|0|7132.95000|0.00000|32768|1|0|0|0|0|1821||7|0|1|0|0|0
VolumeText_76|21|1765540800|0|7157.95000|0.00000|32768|1|0|0|0|0|7973||7|0|1|0|0|0
VolumeText_77|21|1766750400|0|7182.95000|0.00000|32768|1|0|0|0|0|2034||7|0|1|0|0|0
VolumeText_78|21|1766563200|0|7207.95000|0.00000|32768|1|0|0|0|0|2869||7|0|1|0|0|0
VolumeText_79|21|1767024000|0|7232.95000|0.00000|32768|1|0|0|0|0|1283||7|0|1|0|0|0
VolumeText_8|21|1768824000|0|5007.95000|0.00000|255|1|0|0|0|0|8123||7|0|1|0|0|0
VolumeText_80|21|1766433600|0|7257.95000|0.00000|32768|1|0|0|0|0|3843||7|0|1|0|0|0
VolumeText_81|21|1767038400|0|7282.95000|0.00000|32768|1|0|0|0|0|1176||7|0|1|0|0|0
VolumeText_82|21|1766995200|0|7307.95000|0.00000|32768|1|0|0|0|0|1514||7|0|1|0|0|0
VolumeText_83|21|1767038400|0|7332.95000|0.00000|32768|1|0|0|0|0|1187||7|0|1|0|0|0
VolumeText_84|21|1766592000|0|7357.95000|0.00000|32768|1|0|0|0|0|2630||7|0|1|0|0|0
VolumeText_85|21|1766577600|0|7382.95000|0.00000|32768|1|0|0|0|0|2793||7|0|1|0|0|0
VolumeText_86|21|1766707200|0|7407.95000|0.00000|32768|1|0|0|0|0|2458||7|0|1|0|0|0
VolumeText_87|21|1767038400|0|7432.95000|0.00000|32768|1|0|0|0|0|1237||7|0|1|0|0|0
VolumeText_88|21|1766764800|0|7457.95000|0.00000|32768|1|0|0|0|0|1980||7|0|1|0|0|0
VolumeText_89|21|1766764800|0|7507.95000|0.00000|32768|1|0|0|0|0|2003||7|0|1|0|0|0
VolumeText_9|21|1768132800|0|5057.95000|0.00000|255|1|0|0|0|0|2815||7|0|1|0|0|0
VolumeText_90|21|1766721600|0|7657.95000|0.00000|32768|1|0|0|0|0|2285||7|0|1|0|0|0
VolumeText_91|21|1767038400|0|7707.95000|0.00000|32768|1|0|0|0|0|1190||7|0|1|0|0|0
VolumeText_92|21|1766980800|0|7757.95000|0.00000|32768|1|0|0|0|0|1591||7|0|1|0|0|0
VolumeText_93|21|1767024000|0|7957.95000|0.00000|32768|1|0|0|0|0|1267||7|0|1|0|0|0
VolumeText_94|21|1766995200|0|8057.95000|0.00000|32768|1|0|0|0|0|1496||7|0|1|0|0|0
