MT4_OBJECT_SYNC_FORMAT_v6
UTC_REF|1764964800|6876.50000
Text 45160|21|1730246400|0|5616.68125|0.00000|0|1|0|0|0|0|90%||8|0|7|0|0|0
Text 51084|21|1747699200|0|6124.53158|0.00000|9109504|1|0|0|0|0|IPC||8|0|7|0|0|0
Text 52735|21|1765036800|0|6995.33684|0.00000|0|1|0|0|0|0|80%||8|0|7|0|0|0
Text 9035|21|1765440000|0|6412.83586|0.00000|0|1|0|0|0|0|60%||8|0|7|0|0|0
Trendline 12384|2|1759910400|1760428800|6833.55263|6833.55263|8421376|4|0|0|1|0|||0|0
Trendline 1562|2|1751558400|1752076800|6369.91858|6369.91858|8421376|4|0|0|1|0|||0|0
Trendline 17540|2|1758009600|1758470400|6232.13716|6232.13716|3937500|4|0|0|1|0|||0|0
Trendline 2257|2|1764864000|1765209600|6958.19441|6958.19441|8421376|4|0|0|1|0|||0|0
Trendline 2262|2|1764633600|1764979200|6447.79474|6447.79474|3937500|4|0|0|1|0|||0|0
Trendline 23295|2|1744588800|1745164800|4783.57248|4783.57248|3937500|4|0|0|1|0|||0|0
Trendline 23329|2|1746374400|1746720000|5137.08624|5137.08624|3937500|4|0|0|1|0|||0|0
Trendline 23335|2|1742342400|1742803200|5298.39289|5298.39289|3937500|4|0|0|1|0|||0|0
Trendline 23341|2|1740614400|1741132800|5513.33417|5513.33417|3937500|4|0|0|1|0|||0|0
Trendline 23347|2|1738944000|1739404800|5666.27316|5666.27316|3937500|4|0|0|1|0|||0|0
Trendline 23349|2|1740153600|1740614400|6162.29151|6162.29151|8421376|4|0|0|1|0|||0|0
Trendline 23361|2|1743552000|1744012800|5978.35138|5978.35138|8421376|4|0|0|1|0|||0|0
Trendline 23379|2|1741824000|1742342400|6137.49060|6137.49060|8421376|4|0|0|1|0|||0|0
Trendline 23392|2|1745337600|1745856000|5872.94748|5872.94748|8421376|4|0|0|1|0|||0|0
Trendline 23506|2|1762963200|1763424000|6458.86689|6458.86689|3937500|4|0|0|1|0|||0|0
Trendline 25691|2|1754956800|1755475200|6579.87072|6579.87072|8421376|4|0|0|1|0|||0|0
Trendline 27769|2|1753056000|1753401600|5840.61842|5840.61842|3937500|4|0|0|1|0|||0|0
Trendline 30862|2|1758240000|1758700800|6735.97160|6735.97160|8421376|4|0|0|1|0|||0|0
Trendline 3208|2|1749657600|1750118400|5587.96238|5587.96238|3937500|4|0|0|1|0|||0|0
Trendline 38861|2|1763308800|1763654400|6991.92884|6991.92884|8421376|4|0|0|1|0|||0|0
Trendline 42839|2|1747929600|1748448000|5335.51009|5335.51009|3937500|4|0|0|1|0|||0|0
Trendline 43847|2|1753286400|1753747200|6451.15592|6451.15592|8421376|4|0|0|1|0|||0|0
Trendline 46663|2|1751328000|1751846400|5729.92431|5729.92431|3937500|4|0|0|1|0|||0|0
Trendline 51354|2|1756684800|1757030400|6608.10625|6608.10625|8421376|4|0|0|1|0|||0|0
Trendline 54373|2|1756281600|1756800000|6207.17204|6207.17204|3937500|4|0|0|1|0|||0|0
Trendline 55100|2|1748332800|1748793600|6087.91733|6087.91733|8421376|4|0|0|1|0|||0|0
Trendline 55265|2|1750003200|1750348800|6158.50596|6158.50596|8421376|4|0|0|1|0|||0|0
Trendline 61800|2|1759680000|1760025600|6433.75165|6433.75165|3937500|4|0|0|1|0|||0|0
Trendline 7067|2|1761638400|1762099200|6970.83575|6970.83575|8421376|4|0|0|1|0|||0|0
Trendline 7096|2|1761235200|1761753600|6435.22237|6435.22237|3937500|4|0|0|1|0|||0|0
Trendline 8408|2|1754611200|1755072000|6113.28026|6113.28026|3937500|4|0|0|1|0|||0|0
Triangle 12349|17|1758758400|1759276800|6440.02163|6440.02163|3937500|1|0|0|1|0|||0|0|1759104000|6390.73141
Triangle 12372|17|1759161600|1759507200|6776.20645|6776.20645|8421376|1|0|0|1|0|||0|0|1759334400|6827.71195
Triangle 1511|17|1750406400|1750924800|5684.22961|5684.22961|3937500|1|0|0|1|0|||0|0|1750752000|5634.93940
Triangle 1546|17|1752480000|1752825600|6375.92921|6375.92921|8421376|1|0|0|1|0|||0|0|1752652800|6427.43471
Triangle 15826|17|1750809600|1751270400|6288.60489|6288.60489|8421376|1|0|0|1|0|||0|0|1750982400|6340.11040
Triangle 16804|17|1764115200|1764576000|6974.58643|6974.58643|8421376|1|0|0|1|0|||0|0|1764288000|7026.09194
Triangle 19084|17|1760716800|1761177600|6896.61966|6896.61966|8421376|1|0|0|1|0|||0|0|1761004800|6948.12516
Triangle 19134|17|1760486400|1760947200|6440.07270|6440.07270|3937500|1|0|0|1|0|||0|0|1760659200|6390.78248
Triangle 20496|17|1748851200|1749196800|5399.83558|5399.83558|3937500|1|0|0|1|0|||0|0|1749024000|5350.54536
Triangle 2217|17|1763712000|1764230400|6464.83270|6464.83270|3937500|1|0|0|1|0|||0|0|1764057600|6415.54249
Triangle 2254|17|1765497600|1765843200|6941.02591|6941.02591|8421376|1|0|0|1|0|||0|0|1765670400|6992.53141
Triangle 2266|17|1765267200|1765612800|6471.21658|6471.21658|3937500|1|0|0|1|0|||0|0|1765440000|6421.92637
Triangle 22959|17|1738137600|1738656000|5695.10369|5695.10369|3937500|1|0|0|1|0|||0|0|1738310400|5645.81348
Triangle 22971|17|1739865600|1740326400|5587.63305|5587.63305|3937500|1|0|0|1|0|||0|0|1740038400|5538.34284
Triangle 22981|17|1739347200|1739865600|6169.92393|6169.92393|8421376|1|0|0|1|0|||0|0|1739520000|6221.42943
Triangle 22985|17|1741075200|1741536000|6076.92049|6076.92049|8421376|1|0|0|1|0|||0|0|1741248000|6128.42599
Triangle 23300|17|1741536000|1741881600|5494.62961|5494.62961|3937500|1|0|0|1|0|||0|0|1741708800|5445.33940
Triangle 23308|17|1743091200|1743609600|5290.02204|5290.02204|3937500|1|0|0|1|0|||0|0|1743436800|5240.73183
Triangle 23367|17|1742745600|1743091200|5953.55046|5953.55046|8421376|1|0|0|1|0|||0|0|1742918400|6005.05596
Triangle 23369|17|1746144000|1746604800|5838.98034|5838.98034|8421376|1|0|0|1|0|||0|0|1746432000|5890.48584
Triangle 24906|17|1744300800|1744819200|5897.10581|5897.10581|8421376|1|0|0|1|0|||0|0|1744646400|5948.61132
Triangle 25656|17|1753804800|1754323200|6129.71033|6129.71033|3937500|1|0|0|1|0|||0|0|1753977600|6080.42012
Triangle 25674|17|1754035200|1754553600|6537.48956|6537.48956|8421376|1|0|0|1|0|||0|0|1754380800|6588.99507
Triangle 30819|17|1757088000|1757548800|6225.59981|6225.59981|3937500|1|0|0|1|0|||0|0|1757376000|6176.30959
Triangle 33642|17|1749081600|1749600000|6149.36820|6149.36820|8421376|1|0|0|1|0|||0|0|1749427200|6200.87370
Triangle 38845|17|1762387200|1762905600|6982.47700|6982.47700|8421376|1|0|0|1|0|||0|0|1762732800|7033.98251
Triangle 42823|17|1747411200|1747872000|6039.68983|6039.68983|8421376|1|0|0|1|0|||0|0|1747699200|6091.19534
Triangle 43819|17|1752134400|1752595200|5804.41906|5804.41906|3937500|1|0|0|1|0|||0|0|1752422400|5755.12885
Triangle 46307|17|1757433600|1757952000|6681.33211|6681.33211|8421376|1|0|0|1|0|||0|0|1757606400|6732.83761
Triangle 46628|17|1743667200|1744128000|4784.96728|4784.96728|3937500|1|0|0|1|0|||0|0|1743955200|4735.67706
Triangle 46631|17|1745452800|1745971200|5143.04251|5143.04251|3937500|1|0|0|1|0|||0|0|1745798400|5093.75229
Triangle 46643|17|1747180800|1747641600|5340.53649|5340.53649|3937500|1|0|0|1|0|||0|0|1747353600|5291.24628
Triangle 4860|17|1755763200|1756224000|6586.52525|6586.52525|8421376|1|0|0|1|0|||0|0|1756051200|6638.03075
Triangle 54364|17|1755532800|1755878400|6173.65968|6173.65968|3937500|1|0|0|1|0|||0|0|1755705600|6124.36946
Triangle 7091|17|1762156800|1762502400|6443.07974|6443.07974|3937500|1|0|0|1|0|||0|0|1762329600|6393.78953
