MT4_OBJECT_SYNC_FORMAT_v6
UTC_REF|1765807200|6855.60000
Dly|17|1765555200|1765576800|6825.60000|6825.60000|8421616|1|0|0|1|0|||0|0|1765566000|6818.60000
DlyMir|17|1765782000|1765803600|6880.60000|6880.60000|3329330|1|0|0|1|0|||0|0|1765792800|6887.60000
DlyMir_1|17|1765864800|1765886400|6880.60000|6880.60000|3329330|1|0|0|1|0|||0|0|1765875600|6887.60000
DlyMir_2|17|1765947600|1765969200|6880.60000|6880.60000|3329330|1|0|0|1|0|||0|0|1765958400|6887.60000
DlyMir_3|17|1766030400|1766052000|6880.60000|6880.60000|3329330|1|0|0|1|0|||0|0|1766041200|6887.60000
DlyMir_4|17|1766113200|1766134800|6880.60000|6880.60000|3329330|1|0|0|1|0|||0|0|1766124000|6887.60000
DlyMir_5|17|1766368800|1766390400|6880.60000|6880.60000|3329330|1|0|0|1|0|||0|0|1766379600|6887.60000
DlyMir_T1|2|1765823400|1765845000|6880.60000|6880.60000|3329330|4|0|0|1|0|||0|0
DlyMir_T2|2|1765906200|1765927800|6880.60000|6880.60000|3329330|4|0|0|1|0|||0|0
DlyMir_T3|2|1765989000|1766010600|6880.60000|6880.60000|3329330|4|0|0|1|0|||0|0
DlyMir_T4|2|1766071800|1766093400|6880.60000|6880.60000|3329330|4|0|0|1|0|||0|0
DlyMir_T5|2|1766241000|1766262600|6880.60000|6880.60000|3329330|4|0|0|1|0|||0|0
Dly_1|17|1765810800|1765832400|6825.60000|6825.60000|8421616|1|0|0|1|0|||0|0|1765821600|6818.60000
Dly_2|17|1765893600|1765915200|6825.60000|6825.60000|8421616|1|0|0|1|0|||0|0|1765904400|6818.60000
Dly_3|17|1765976400|1765998000|6825.60000|6825.60000|8421616|1|0|0|1|0|||0|0|1765987200|6818.60000
Dly_4|17|1766059200|1766080800|6825.60000|6825.60000|8421616|1|0|0|1|0|||0|0|1766070000|6818.60000
Dly_5|17|1766142000|1766163600|6825.60000|6825.60000|8421616|1|0|0|1|0|||0|0|1766152800|6818.60000
Dly_T1|2|1765683000|1765704600|6825.60000|6825.60000|8421616|4|0|0|1|0|||0|0
Dly_T2|2|1765852200|1765873800|6825.60000|6825.60000|8421616|4|0|0|1|0|||0|0
Dly_T3|2|1765935000|1765956600|6825.60000|6825.60000|8421616|4|0|0|1|0|||0|0
Dly_T4|2|1766017800|1766039400|6825.60000|6825.60000|8421616|4|0|0|1|0|||0|0
Dly_T5|2|1766100600|1766122200|6825.60000|6825.60000|8421616|4|0|0|1|0|||0|0
