MT4_OBJECT_SYNC_FORMAT_v6
UTC_REF|1765195200|24088.30000
EA1_TextLabel_0|21|1765100700|0|20992.71000|0.00000|32768|1|0|0|1|0|6659 OI Call||8|0|6|0|0|0
EA1_TextLabel_1|21|1765136700|0|21392.71000|0.00000|32768|1|0|0|1|0|4040 OI Call||8|0|6|0|0|0
EA1_TextLabel_10|21|1765147500|0|23792.71000|0.00000|32768|1|0|0|1|0|3231 OI Call||8|0|6|0|0|0
EA1_TextLabel_11|21|1765053900|0|23992.71000|0.00000|32768|1|0|0|1|0|10257 OI Call||8|0|6|0|0|0
EA1_TextLabel_12|21|1765143900|0|24192.71000|0.00000|32768|1|0|0|1|0|3508 OI Call||8|0|6|0|0|0
EA1_TextLabel_13|21|1765151100|0|24292.71000|0.00000|32768|1|0|0|1|0|2947 OI Call||8|0|6|0|0|0
EA1_TextLabel_14|21|1765140300|0|24392.71000|0.00000|32768|1|0|0|1|0|3789 OI Call||8|0|6|0|0|0
EA1_TextLabel_15|21|1765089900|0|24492.71000|0.00000|32768|1|0|0|1|0|7577 OI Call||8|0|6|0|0|0
EA1_TextLabel_16|21|1765086300|0|24992.71000|0.00000|32768|1|0|0|1|0|7742 OI Call||8|0|6|0|0|0
EA1_TextLabel_17|21|1765064700|0|25492.71000|0.00000|32768|1|0|0|1|0|9359 OI Call||8|0|6|0|0|0
EA1_TextLabel_18|21|1765010700|0|25992.71000|0.00000|32768|1|0|0|1|0|13410 OI Call||8|0|6|0|0|0
EA1_TextLabel_19|21|1765147500|0|26492.71000|0.00000|32768|1|0|0|1|0|3279 OI Call||8|0|6|0|0|0
EA1_TextLabel_2|21|1765151100|0|21792.71000|0.00000|32768|1|0|0|1|0|2967 OI Call||8|0|6|0|0|0
EA1_TextLabel_3|21|1765122300|0|21992.71000|0.00000|32768|1|0|0|1|0|5082 OI Call||8|0|6|0|0|0
EA1_TextLabel_4|21|1765136700|0|22392.71000|0.00000|32768|1|0|0|1|0|3963 OI Call||8|0|6|0|0|0
EA1_TextLabel_5|21|1765151100|0|22592.71000|0.00000|32768|1|0|0|1|0|2956 OI Call||8|0|6|0|0|0
EA1_TextLabel_6|21|1765061100|0|22992.71000|0.00000|32768|1|0|0|1|0|9549 OI Call||8|0|6|0|0|0
EA1_TextLabel_7|21|1765129500|0|23192.71000|0.00000|32768|1|0|0|1|0|4483 OI Call||8|0|6|0|0|0
EA1_TextLabel_8|21|1765129500|0|23392.71000|0.00000|32768|1|0|0|1|0|4496 OI Call||8|0|6|0|0|0
EA1_TextLabel_9|21|1765064700|0|23492.71000|0.00000|32768|1|0|0|1|0|9427 OI Call||8|0|6|0|0|0
EA1_TrendLine_0|2|1765101600|1765191600|20992.60000|20992.60000|32768|3|0|0|1|0|||0|0
EA1_TrendLine_1|2|1765137600|1765191600|21392.60000|21392.60000|32768|3|0|0|1|0|||0|0
EA1_TrendLine_10|2|1765148400|1765191600|23792.60000|23792.60000|32768|3|0|0|1|0|||0|0
EA1_TrendLine_11|2|1765054800|1765191600|23992.60000|23992.60000|32768|3|0|0|1|0|||0|0
EA1_TrendLine_12|2|1765144800|1765191600|24192.60000|24192.60000|32768|3|0|0|1|0|||0|0
EA1_TrendLine_13|2|1765152000|1765191600|24292.60000|24292.60000|32768|3|0|0|1|0|||0|0
EA1_TrendLine_14|2|1765141200|1765191600|24392.60000|24392.60000|32768|3|0|0|1|0|||0|0
EA1_TrendLine_15|2|1765090800|1765191600|24492.60000|24492.60000|32768|3|0|0|1|0|||0|0
EA1_TrendLine_16|2|1765087200|1765191600|24992.60000|24992.60000|32768|3|0|0|1|0|||0|0
EA1_TrendLine_17|2|1765065600|1765191600|25492.60000|25492.60000|32768|3|0|0|1|0|||0|0
EA1_TrendLine_18|2|1765011600|1765191600|25992.60000|25992.60000|32768|3|0|0|1|0|||0|0
EA1_TrendLine_19|2|1765148400|1765191600|26492.60000|26492.60000|32768|3|0|0|1|0|||0|0
EA1_TrendLine_2|2|1765152000|1765191600|21792.60000|21792.60000|32768|3|0|0|1|0|||0|0
EA1_TrendLine_3|2|1765123200|1765191600|21992.60000|21992.60000|32768|3|0|0|1|0|||0|0
EA1_TrendLine_4|2|1765137600|1765191600|22392.60000|22392.60000|32768|3|0|0|1|0|||0|0
EA1_TrendLine_5|2|1765152000|1765191600|22592.60000|22592.60000|32768|3|0|0|1|0|||0|0
EA1_TrendLine_6|2|1765062000|1765191600|22992.60000|22992.60000|32768|3|0|0|1|0|||0|0
EA1_TrendLine_7|2|1765130400|1765191600|23192.60000|23192.60000|32768|3|0|0|1|0|||0|0
EA1_TrendLine_8|2|1765130400|1765191600|23392.60000|23392.60000|32768|3|0|0|1|0|||0|0
EA1_TrendLine_9|2|1765065600|1765191600|23492.60000|23492.60000|32768|3|0|0|1|0|||0|0
EA2_TextLabel_0|21|1765246500|0|20492.71000|0.00000|13434880|1|0|0|1|0|4089 OI Put||8|0|0|0|0|0
EA2_TextLabel_1|21|1765210500|0|20592.71000|0.00000|13434880|1|0|0|1|0|1382 OI Put||8|0|0|0|0|0
EA2_TextLabel_10|21|1765210500|0|22292.71000|0.00000|13434880|1|0|0|1|0|1354 OI Put||8|0|0|0|0|0
EA2_TextLabel_11|21|1765264500|0|22492.71000|0.00000|13434880|1|0|0|1|0|5432 OI Put||8|0|0|0|0|0
EA2_TextLabel_12|21|1765221300|0|22692.71000|0.00000|13434880|1|0|0|1|0|2136 OI Put||8|0|0|0|0|0
EA2_TextLabel_13|21|1765214100|0|22792.71000|0.00000|13434880|1|0|0|1|0|1555 OI Put||8|0|0|0|0|0
EA2_TextLabel_14|21|1765214100|0|22842.71000|0.00000|13434880|1|0|0|1|0|1555 OI Put||8|0|0|0|0|0
EA2_TextLabel_15|21|1765221300|0|22892.71000|0.00000|13434880|1|0|0|1|0|2071 OI Put||8|0|0|0|0|0
EA2_TextLabel_16|21|1765235700|0|22992.71000|0.00000|13434880|1|0|0|1|0|3319 OI Put||8|0|0|0|0|0
EA2_TextLabel_17|21|1765210500|0|23092.71000|0.00000|13434880|1|0|0|1|0|1304 OI Put||8|0|0|0|0|0
EA2_TextLabel_18|21|1765217700|0|23392.71000|0.00000|13434880|1|0|0|1|0|1808 OI Put||8|0|0|0|0|0
EA2_TextLabel_19|21|1765210500|0|23592.71000|0.00000|13434880|1|0|0|1|0|1451 OI Put||8|0|0|0|0|0
EA2_TextLabel_2|21|1765214100|0|20692.71000|0.00000|13434880|1|0|0|1|0|1726 OI Put||8|0|0|0|0|0
EA2_TextLabel_3|21|1765235700|0|20992.71000|0.00000|13434880|1|0|0|1|0|3088 OI Put||8|0|0|0|0|0
EA2_TextLabel_4|21|1765224900|0|21292.71000|0.00000|13434880|1|0|0|1|0|2434 OI Put||8|0|0|0|0|0
EA2_TextLabel_5|21|1765264500|0|21492.71000|0.00000|13434880|1|0|0|1|0|5403 OI Put||8|0|0|0|0|0
EA2_TextLabel_6|21|1765250100|0|21692.71000|0.00000|13434880|1|0|0|1|0|4226 OI Put||8|0|0|0|0|0
EA2_TextLabel_7|21|1765221300|0|21892.71000|0.00000|13434880|1|0|0|1|0|2069 OI Put||8|0|0|0|0|0
EA2_TextLabel_8|21|1765304100|0|21992.71000|0.00000|13434880|1|0|0|1|0|8223 OI Put||8|0|0|0|0|0
EA2_TextLabel_9|21|1765217700|0|22192.71000|0.00000|13434880|1|0|0|1|0|1852 OI Put||8|0|0|0|0|0
EA2_TrendLine_0|2|1765191600|1765245600|20492.60000|20492.60000|13434880|3|3|0|1|0|||0|0
EA2_TrendLine_1|2|1765191600|1765209600|20592.60000|20592.60000|13434880|3|3|0|1|0|||0|0
EA2_TrendLine_10|2|1765191600|1765209600|22292.60000|22292.60000|13434880|3|3|0|1|0|||0|0
EA2_TrendLine_11|2|1765191600|1765263600|22492.60000|22492.60000|13434880|3|3|0|1|0|||0|0
EA2_TrendLine_12|2|1765191600|1765220400|22692.60000|22692.60000|13434880|3|3|0|1|0|||0|0
EA2_TrendLine_13|2|1765191600|1765213200|22792.60000|22792.60000|13434880|3|3|0|1|0|||0|0
EA2_TrendLine_14|2|1765191600|1765213200|22842.60000|22842.60000|13434880|3|3|0|1|0|||0|0
EA2_TrendLine_15|2|1765191600|1765220400|22892.60000|22892.60000|13434880|3|3|0|1|0|||0|0
EA2_TrendLine_16|2|1765191600|1765234800|22992.60000|22992.60000|13434880|3|3|0|1|0|||0|0
EA2_TrendLine_17|2|1765191600|1765209600|23092.60000|23092.60000|13434880|3|3|0|1|0|||0|0
EA2_TrendLine_18|2|1765191600|1765216800|23392.60000|23392.60000|13434880|3|3|0|1|0|||0|0
EA2_TrendLine_19|2|1765191600|1765209600|23592.60000|23592.60000|13434880|3|3|0|1|0|||0|0
EA2_TrendLine_2|2|1765191600|1765213200|20692.60000|20692.60000|13434880|3|3|0|1|0|||0|0
EA2_TrendLine_3|2|1765191600|1765234800|20992.60000|20992.60000|13434880|3|3|0|1|0|||0|0
EA2_TrendLine_4|2|1765191600|1765224000|21292.60000|21292.60000|13434880|3|3|0|1|0|||0|0
EA2_TrendLine_5|2|1765191600|1765263600|21492.60000|21492.60000|13434880|3|3|0|1|0|||0|0
EA2_TrendLine_6|2|1765191600|1765249200|21692.60000|21692.60000|13434880|3|3|0|1|0|||0|0
EA2_TrendLine_7|2|1765191600|1765220400|21892.60000|21892.60000|13434880|3|3|0|1|0|||0|0
EA2_TrendLine_8|2|1765191600|1765303200|21992.60000|21992.60000|13434880|3|3|0|1|0|||0|0
EA2_TrendLine_9|2|1765191600|1765216800|22192.60000|22192.60000|13434880|3|3|0|1|0|||0|0
IND1_TextLabel_0|21|1765190700|0|20680.70000|0.00000|2763429|1|0|0|1|0|5 Vol Call||8|0|6|0|0|0
IND1_TextLabel_1|21|1765190700|0|23130.70000|0.00000|2763429|1|0|0|1|0|7 Vol Call||8|0|6|0|0|0
IND1_TextLabel_10|21|1765190700|0|24280.70000|0.00000|2763429|1|0|0|1|0|15 Vol Call||8|0|6|0|0|0
IND1_TextLabel_11|21|1765190700|0|24380.70000|0.00000|2763429|1|0|0|1|0|36 Vol Call||8|0|6|0|0|0
IND1_TextLabel_12|21|1765190700|0|24430.70000|0.00000|2763429|1|0|0|1|0|97 Vol Call||8|0|6|0|0|0
IND1_TextLabel_13|21|1765190700|0|24480.70000|0.00000|2763429|1|0|0|1|0|16 Vol Call||8|0|6|0|0|0
IND1_TextLabel_14|21|1765190700|0|24580.70000|0.00000|2763429|1|0|0|1|0|67 Vol Call||8|0|6|0|0|0
IND1_TextLabel_15|21|1765187100|0|24730.70000|0.00000|2763429|1|0|0|1|0|185 Vol Call||8|0|6|0|0|0
IND1_TextLabel_16|21|1765190700|0|24780.70000|0.00000|2763429|1|0|0|1|0|44 Vol Call||8|0|6|0|0|0
IND1_TextLabel_17|21|1765190700|0|24880.70000|0.00000|2763429|1|0|0|1|0|52 Vol Call||8|0|6|0|0|0
IND1_TextLabel_18|21|1765190700|0|24980.70000|0.00000|2763429|1|0|0|1|0|8 Vol Call||8|0|6|0|0|0
IND1_TextLabel_19|21|1765190700|0|25030.70000|0.00000|2763429|1|0|0|1|0|50 Vol Call||8|0|6|0|0|0
IND1_TextLabel_2|21|1765190700|0|23680.70000|0.00000|2763429|1|0|0|1|0|29 Vol Call||8|0|6|0|0|0
IND1_TextLabel_20|21|1765190700|0|25080.70000|0.00000|2763429|1|0|0|1|0|64 Vol Call||8|0|6|0|0|0
IND1_TextLabel_3|21|1765190700|0|23880.70000|0.00000|2763429|1|0|0|1|0|4 Vol Call||8|0|6|0|0|0
IND1_TextLabel_4|21|1765190700|0|23930.70000|0.00000|2763429|1|0|0|1|0|5 Vol Call||8|0|6|0|0|0
IND1_TextLabel_5|21|1765187100|0|23980.70000|0.00000|2763429|1|0|0|1|0|211 Vol Call||8|0|6|0|0|0
IND1_TextLabel_6|21|1765190700|0|24030.70000|0.00000|2763429|1|0|0|1|0|4 Vol Call||8|0|6|0|0|0
IND1_TextLabel_7|21|1765190700|0|24080.70000|0.00000|2763429|1|0|0|1|0|24 Vol Call||8|0|6|0|0|0
IND1_TextLabel_8|21|1765190700|0|24180.70000|0.00000|2763429|1|0|0|1|0|58 Vol Call||8|0|6|0|0|0
IND1_TextLabel_9|21|1765190700|0|24230.70000|0.00000|2763429|1|0|0|1|0|26 Vol Call||8|0|6|0|0|0
IND1_TrendLine_0|2|1765191600|1765191600|20680.60000|20680.60000|2763429|3|1|0|1|0|||0|0
IND1_TrendLine_1|2|1765191600|1765191600|23130.60000|23130.60000|2763429|3|1|0|1|0|||0|0
IND1_TrendLine_10|2|1765191600|1765191600|24280.60000|24280.60000|2763429|3|1|0|1|0|||0|0
IND1_TrendLine_11|2|1765191600|1765191600|24380.60000|24380.60000|2763429|3|1|0|1|0|||0|0
IND1_TrendLine_12|2|1765191600|1765191600|24430.60000|24430.60000|2763429|3|1|0|1|0|||0|0
IND1_TrendLine_13|2|1765191600|1765191600|24480.60000|24480.60000|2763429|3|1|0|1|0|||0|0
IND1_TrendLine_14|2|1765191600|1765191600|24580.60000|24580.60000|2763429|3|1|0|1|0|||0|0
IND1_TrendLine_15|2|1765188000|1765191600|24730.60000|24730.60000|2763429|3|1|0|1|0|||0|0
IND1_TrendLine_16|2|1765191600|1765191600|24780.60000|24780.60000|2763429|3|1|0|1|0|||0|0
IND1_TrendLine_17|2|1765191600|1765191600|24880.60000|24880.60000|2763429|3|1|0|1|0|||0|0
IND1_TrendLine_18|2|1765191600|1765191600|24980.60000|24980.60000|2763429|3|1|0|1|0|||0|0
IND1_TrendLine_19|2|1765191600|1765191600|25030.60000|25030.60000|2763429|3|1|0|1|0|||0|0
IND1_TrendLine_2|2|1765191600|1765191600|23680.60000|23680.60000|2763429|3|1|0|1|0|||0|0
IND1_TrendLine_20|2|1765191600|1765191600|25080.60000|25080.60000|2763429|3|1|0|1|0|||0|0
IND1_TrendLine_3|2|1765191600|1765191600|23880.60000|23880.60000|2763429|3|1|0|1|0|||0|0
IND1_TrendLine_4|2|1765191600|1765191600|23930.60000|23930.60000|2763429|3|1|0|1|0|||0|0
IND1_TrendLine_5|2|1765188000|1765191600|23980.60000|23980.60000|2763429|3|1|0|1|0|||0|0
IND1_TrendLine_6|2|1765191600|1765191600|24030.60000|24030.60000|2763429|3|1|0|1|0|||0|0
IND1_TrendLine_7|2|1765191600|1765191600|24080.60000|24080.60000|2763429|3|1|0|1|0|||0|0
IND1_TrendLine_8|2|1765191600|1765191600|24180.60000|24180.60000|2763429|3|1|0|1|0|||0|0
IND1_TrendLine_9|2|1765191600|1765191600|24230.60000|24230.60000|2763429|3|1|0|1|0|||0|0
IND2_TextLabel_0|21|1765192500|0|21230.70000|0.00000|255|1|0|0|1|0|81 Vol Put||8|0|0|0|0|0
IND2_TextLabel_1|21|1765192500|0|21480.70000|0.00000|255|1|0|0|1|0|55 Vol Put||8|0|0|0|0|0
IND2_TextLabel_10|21|1765192500|0|23130.70000|0.00000|255|1|0|0|1|0|11 Vol Put||8|0|0|0|0|0
IND2_TextLabel_11|21|1765192500|0|23180.70000|0.00000|255|1|0|0|1|0|39 Vol Put||8|0|0|0|0|0
IND2_TextLabel_12|21|1765192500|0|23280.70000|0.00000|255|1|0|0|1|0|22 Vol Put||8|0|0|0|0|0
IND2_TextLabel_13|21|1765192500|0|23380.70000|0.00000|255|1|0|0|1|0|20 Vol Put||8|0|0|0|0|0
IND2_TextLabel_14|21|1765192500|0|23580.70000|0.00000|255|1|0|0|1|0|116 Vol Put||8|0|0|0|0|0
IND2_TextLabel_15|21|1765192500|0|23730.70000|0.00000|255|1|0|0|1|0|53 Vol Put||8|0|0|0|0|0
IND2_TextLabel_16|21|1765192500|0|23880.70000|0.00000|255|1|0|0|1|0|79 Vol Put||8|0|0|0|0|0
IND2_TextLabel_17|21|1765196100|0|23980.70000|0.00000|255|1|0|0|1|0|221 Vol Put||8|0|0|0|0|0
IND2_TextLabel_18|21|1765192500|0|24030.70000|0.00000|255|1|0|0|1|0|17 Vol Put||8|0|0|0|0|0
IND2_TextLabel_19|21|1765192500|0|24180.70000|0.00000|255|1|0|0|1|0|61 Vol Put||8|0|0|0|0|0
IND2_TextLabel_2|21|1765199700|0|21980.70000|0.00000|255|1|0|0|1|0|427 Vol Put||8|0|0|0|0|0
IND2_TextLabel_3|21|1765192500|0|22180.70000|0.00000|255|1|0|0|1|0|13 Vol Put||8|0|0|0|0|0
IND2_TextLabel_4|21|1765196100|0|22480.70000|0.00000|255|1|0|0|1|0|332 Vol Put||8|0|0|0|0|0
IND2_TextLabel_5|21|1765192500|0|22780.70000|0.00000|255|1|0|0|1|0|73 Vol Put||8|0|0|0|0|0
IND2_TextLabel_6|21|1765192500|0|22880.70000|0.00000|255|1|0|0|1|0|21 Vol Put||8|0|0|0|0|0
IND2_TextLabel_7|21|1765192500|0|22980.70000|0.00000|255|1|0|0|1|0|98 Vol Put||8|0|0|0|0|0
IND2_TextLabel_8|21|1765192500|0|23030.70000|0.00000|255|1|0|0|1|0|10 Vol Put||8|0|0|0|0|0
IND2_TextLabel_9|21|1765192500|0|23080.70000|0.00000|255|1|0|0|1|0|79 Vol Put||8|0|0|0|0|0
IND2_TrendLine_0|2|1765191600|1765191600|21230.60000|21230.60000|255|3|0|0|1|0|||0|0
IND2_TrendLine_1|2|1765191600|1765191600|21480.60000|21480.60000|255|3|0|0|1|0|||0|0
IND2_TrendLine_10|2|1765191600|1765191600|23130.60000|23130.60000|255|3|0|0|1|0|||0|0
IND2_TrendLine_11|2|1765191600|1765191600|23180.60000|23180.60000|255|3|0|0|1|0|||0|0
IND2_TrendLine_12|2|1765191600|1765191600|23280.60000|23280.60000|255|3|0|0|1|0|||0|0
IND2_TrendLine_13|2|1765191600|1765191600|23380.60000|23380.60000|255|3|0|0|1|0|||0|0
IND2_TrendLine_14|2|1765191600|1765191600|23580.60000|23580.60000|255|3|0|0|1|0|||0|0
IND2_TrendLine_15|2|1765191600|1765191600|23730.60000|23730.60000|255|3|0|0|1|0|||0|0
IND2_TrendLine_16|2|1765191600|1765191600|23880.60000|23880.60000|255|3|0|0|1|0|||0|0
IND2_TrendLine_17|2|1765191600|1765195200|23980.60000|23980.60000|255|3|0|0|1|0|||0|0
IND2_TrendLine_18|2|1765191600|1765191600|24030.60000|24030.60000|255|3|0|0|1|0|||0|0
IND2_TrendLine_19|2|1765191600|1765191600|24180.60000|24180.60000|255|3|0|0|1|0|||0|0
IND2_TrendLine_2|2|1765191600|1765198800|21980.60000|21980.60000|255|3|0|0|1|0|||0|0
IND2_TrendLine_3|2|1765191600|1765191600|22180.60000|22180.60000|255|3|0|0|1|0|||0|0
IND2_TrendLine_4|2|1765191600|1765195200|22480.60000|22480.60000|255|3|0|0|1|0|||0|0
IND2_TrendLine_5|2|1765191600|1765191600|22780.60000|22780.60000|255|3|0|0|1|0|||0|0
IND2_TrendLine_6|2|1765191600|1765191600|22880.60000|22880.60000|255|3|0|0|1|0|||0|0
IND2_TrendLine_7|2|1765191600|1765191600|22980.60000|22980.60000|255|3|0|0|1|0|||0|0
IND2_TrendLine_8|2|1765191600|1765191600|23030.60000|23030.60000|255|3|0|0|1|0|||0|0
IND2_TrendLine_9|2|1765191600|1765191600|23080.60000|23080.60000|255|3|0|0|1|0|||0|0
