MT4_OBJECT_SYNC_FORMAT_v6
UTC_REF|1767607200|6876.10000
FXSSI.CALENDAR#news-country-0|21|1745427600|0|1.12865|0.00000|7509500|1|0|0|1|0|USD||7|0|7|0|0|0
FXSSI.CALENDAR#news-country-1|21|1745506800|0|1.12865|0.00000|7509500|1|0|0|1|0|USD||7|0|7|0|0|0
FXSSI.CALENDAR#news-country-2|21|1745514000|0|1.12865|0.00000|7509500|1|0|0|1|0|USD||7|0|7|0|0|0
FXSSI.CALENDAR#news-country-3|21|1744833600|0|1.12634|0.00000|13092807|1|0|0|1|0|USD||7|0|7|0|0|0
FXSSI.CALENDAR#news-country-4|21|1744902000|0|1.12660|0.00000|7509500|1|0|0|1|0|EUR.USD||7|0|7|0|0|0
FXSSI.CALENDAR#news-frame|24|0|0|0.00000|0.00000|8421504|1|0|0|0|0|BitmapLabel||10|-1
FXSSI.CALENDAR#news-line0|24|0|0|0.00000|0.00000|8421504|1|0|0|1|0|BitmapLabel||10|0
FXSSI.CALENDAR#news-line1|24|0|0|0.00000|0.00000|8421504|1|0|0|1|0|BitmapLabel||10|0
FXSSI.CALENDAR#news-line2|24|0|0|0.00000|0.00000|8421504|1|0|0|1|0|BitmapLabel||10|0
FXSSI.CALENDAR#news-line3|24|0|0|0.00000|0.00000|8421504|1|0|0|1|0|BitmapLabel||10|0
FXSSI.CALENDAR#news-line4|24|0|0|0.00000|0.00000|8421504|1|0|0|1|0|BitmapLabel||10|0
FXSSI.CALENDAR#news-next|24|0|0|0.00000|0.00000|8421504|1|0|0|0|0|BitmapLabel||10|-1
FXSSI.CALENDAR#news-prev|24|0|0|0.00000|0.00000|8421504|1|0|0|0|0|BitmapLabel||10|-1
FXSSI.CALENDAR#news-stars-0|21|1745427600|0|1.12873|0.00000|7509500|1|0|0|1|0|ллл||8|0|7|0|0|0
FXSSI.CALENDAR#news-stars-1|21|1745506800|0|1.12873|0.00000|7509500|1|0|0|1|0|ллл||8|0|7|0|0|0
FXSSI.CALENDAR#news-stars-2|21|1745514000|0|1.12873|0.00000|7509500|1|0|0|1|0|ллл||8|0|7|0|0|0
FXSSI.CALENDAR#news-stars-3|21|1744833600|0|1.12639|0.00000|13092807|1|0|0|1|0|ллл||8|0|7|0|0|0
FXSSI.CALENDAR#news-stars-4|21|1744902000|0|1.12639|0.00000|7509500|1|0|0|1|0|ллл||8|0|7|0|0|0
Letter_100_1375975531|21|1767386700|0|6834.00000|0.00000|255|1|0|0|0|0|S||10|0|8|0|0|0
Letter_102_1375975531|21|1767386460|0|6836.00000|0.00000|65280|1|0|0|0|0|B||10|0|8|0|0|0
Letter_104_1375975531|21|1767386340|0|6834.00000|0.00000|255|1|0|0|0|0|S||10|0|8|0|0|0
Letter_106_1375975531|21|1767386160|0|6836.00000|0.00000|65280|1|0|0|0|0|B||10|0|8|0|0|0
Letter_10_1375975531|21|1767599760|0|6866.00000|0.00000|255|1|0|0|0|0|S||10|0|8|0|0|0
Letter_110_1375975531|21|1767385261|0|6838.00000|0.00000|255|1|0|0|0|0|S||10|0|8|0|0|0
Letter_114_1375975531|21|1767384900|0|6836.00000|0.00000|65280|1|0|0|0|0|B||10|0|8|0|0|0
Letter_117_1375975531|21|1767384180|0|6836.00000|0.00000|255|1|0|0|0|0|S||10|0|8|0|0|0
Letter_118_1375975531|21|1767383880|0|6840.00000|0.00000|65280|1|0|0|0|0|B||10|0|8|0|0|0
Letter_119_1375975531|21|1767383700|0|6836.00000|0.00000|255|1|0|0|0|0|S||10|0|8|0|0|0
Letter_11_1375975531|21|1767597420|0|6870.00000|0.00000|65280|1|0|0|0|0|B||10|0|8|0|0|0
Letter_120_1375975531|21|1767383340|0|6840.00000|0.00000|65280|1|0|0|0|0|B||10|0|8|0|0|0
Letter_124_1375975531|21|1767382920|0|6842.00000|0.00000|255|1|0|0|0|0|S||10|0|8|0|0|0
Letter_125_1375975531|21|1767382860|0|6846.00000|0.00000|65280|1|0|0|0|0|B||10|0|8|0|0|0
Letter_129_1375975531|21|1767382201|0|6848.00000|0.00000|255|1|0|0|0|0|S||10|0|8|0|0|0
Letter_12_1375975531|21|1767595560|0|6866.00000|0.00000|255|1|0|0|0|0|S||10|0|8|0|0|0
Letter_132_1375975531|21|1767382020|0|6848.00000|0.00000|65280|1|0|0|0|0|B||10|0|8|0|0|0
Letter_134_1375975531|21|1767381540|0|6846.00000|0.00000|255|1|0|0|0|0|S||10|0|8|0|0|0
Letter_13_1375975531|21|1767591900|0|6870.00000|0.00000|65280|1|0|0|0|0|B||10|0|8|0|0|0
Letter_141_1375975531|21|1767380880|0|6838.00000|0.00000|65280|1|0|0|0|0|B||10|0|8|0|0|0
Letter_142_1375975531|21|1767380701|0|6834.00000|0.00000|255|1|0|0|0|0|S||10|0|8|0|0|0
Letter_144_1375975531|21|1767380580|0|6836.00000|0.00000|65280|1|0|0|0|0|B||10|0|8|0|0|0
Letter_145_1375975531|21|1767380341|0|6832.00000|0.00000|255|1|0|0|0|0|S||10|0|8|0|0|0
Letter_148_1375975531|21|1767379920|0|6832.00000|0.00000|65280|1|0|0|0|0|B||10|0|8|0|0|0
Letter_14_1375975531|21|1767585720|0|6866.00000|0.00000|255|1|0|0|0|0|S||10|0|8|0|0|0
Letter_155_1375975531|21|1767379380|0|6840.00000|0.00000|255|1|0|0|0|0|S||10|0|8|0|0|0
Letter_156_1375975531|21|1767379320|0|6844.00000|0.00000|65280|1|0|0|0|0|B||10|0|8|0|0|0
Letter_15_1375975531|21|1767585000|0|6870.00000|0.00000|65280|1|0|0|0|0|B||10|0|8|0|0|0
Letter_160_1375975531|21|1767379021|0|6846.00000|0.00000|255|1|0|0|0|0|S||10|0|8|0|0|0
Letter_161_1375975531|21|1767379020|0|6850.00000|0.00000|65280|1|0|0|0|0|B||10|0|8|0|0|0
Letter_162_1375975531|21|1767378960|0|6846.00000|0.00000|255|1|0|0|0|0|S||10|0|8|0|0|0
Letter_163_1375975531|21|1767378900|0|6850.00000|0.00000|65280|1|0|0|0|0|B||10|0|8|0|0|0
Letter_164_1375975531|21|1767378841|0|6846.00000|0.00000|255|1|0|0|0|0|S||10|0|8|0|0|0
Letter_167_1375975531|21|1767378600|0|6846.00000|0.00000|65280|1|0|0|0|0|B||10|0|8|0|0|0
Letter_169_1375975531|21|1767378420|0|6844.00000|0.00000|255|1|0|0|0|0|S||10|0|8|0|0|0
Letter_16_1375975531|21|1767584280|0|6866.00000|0.00000|255|1|0|0|0|0|S||10|0|8|0|0|0
Letter_170_1375975531|21|1767378300|0|6848.00000|0.00000|65280|1|0|0|0|0|B||10|0|8|0|0|0
Letter_171_1375975531|21|1767378180|0|6844.00000|0.00000|255|1|0|0|0|0|S||10|0|8|0|0|0
Letter_175_1375975531|21|1767378060|0|6842.00000|0.00000|65280|1|0|0|0|0|B||10|0|8|0|0|0
Letter_176_1375975531|21|1767378000|0|6838.00000|0.00000|255|1|0|0|0|0|S||10|0|8|0|0|0
Letter_177_1375975531|21|1767377940|0|6842.00000|0.00000|65280|1|0|0|0|0|B||10|0|8|0|0|0
Letter_181_1375975531|21|1767377820|0|6844.00000|0.00000|255|1|0|0|0|0|S||10|0|8|0|0|0
Letter_182_1375975531|21|1767377760|0|6848.00000|0.00000|65280|1|0|0|0|0|B||10|0|8|0|0|0
Letter_183_1375975531|21|1767377702|0|6844.00000|0.00000|255|1|0|0|0|0|S||10|0|8|0|0|0
Letter_191_1375975531|21|1767377520|0|6834.00000|0.00000|65280|1|0|0|0|0|B||10|0|8|0|0|0
Letter_196_1375975531|21|1767377460|0|6838.00000|0.00000|255|1|0|0|0|0|S||10|0|8|0|0|0
Letter_19_1375975531|21|1767580681|0|6866.00000|0.00000|65280|1|0|0|0|0|B||10|0|8|0|0|0
Letter_200_1375975531|21|1767377101|0|6836.00000|0.00000|65280|1|0|0|0|0|B||10|0|8|0|0|0
Letter_202_1375975531|21|1767376920|0|6834.00000|0.00000|255|1|0|0|0|0|S||10|0|8|0|0|0
Letter_203_1375975531|21|1767376860|0|6838.00000|0.00000|65280|1|0|0|0|0|B||10|0|8|0|0|0
Letter_205_1375975531|21|1767376800|0|6836.00000|0.00000|255|1|0|0|0|0|S||10|0|8|0|0|0
Letter_206_1375975531|21|1767376742|0|6840.00000|0.00000|65280|1|0|0|0|0|B||10|0|8|0|0|0
Letter_216_1375975531|21|1767376501|0|6854.00000|0.00000|255|1|0|0|0|0|S||10|0|8|0|0|0
Letter_21_1375975531|21|1767579540|0|6864.00000|0.00000|255|1|0|0|0|0|S||10|0|8|0|0|0
Letter_221_1375975531|21|1767376321|0|6850.00000|0.00000|65280|1|0|0|0|0|B||10|0|8|0|0|0
Letter_231_1375975531|21|1767376080|0|6864.00000|0.00000|255|1|0|0|0|0|S||10|0|8|0|0|0
Letter_232_1375975531|21|1767376020|0|6868.00000|0.00000|65280|1|0|0|0|0|B||10|0|8|0|0|0
Letter_234_1375975531|21|1767375722|0|6866.00000|0.00000|255|1|0|0|0|0|S||10|0|8|0|0|0
Letter_23_1375975531|21|1767579240|0|6866.00000|0.00000|65280|1|0|0|0|0|B||10|0|8|0|0|0
Letter_240_1375975531|21|1767375482|0|6860.00000|0.00000|65280|1|0|0|0|0|B||10|0|8|0|0|0
Letter_243_1375975531|21|1767375360|0|6860.00000|0.00000|255|1|0|0|0|0|S||10|0|8|0|0|0
Letter_24_1375975531|21|1767578400|0|6862.00000|0.00000|255|1|0|0|0|0|S||10|0|8|0|0|0
Letter_251_1375975531|21|1767375000|0|6850.00000|0.00000|65280|1|0|0|0|0|B||10|0|8|0|0|0
Letter_252_1375975531|21|1767374941|0|6846.00000|0.00000|255|1|0|0|0|0|S||10|0|8|0|0|0
Letter_254_1375975531|21|1767374880|0|6848.00000|0.00000|65280|1|0|0|0|0|B||10|0|8|0|0|0
Letter_255_1375975531|21|1767374821|0|6844.00000|0.00000|255|1|0|0|0|0|S||10|0|8|0|0|0
Letter_256_1375975531|21|1767374820|0|6848.00000|0.00000|65280|1|0|0|0|0|B||10|0|8|0|0|0
Letter_257_1375975531|21|1767374761|0|6844.00000|0.00000|255|1|0|0|0|0|S||10|0|8|0|0|0
Letter_259_1375975531|21|1767374701|0|6846.00000|0.00000|65280|1|0|0|0|0|B||10|0|8|0|0|0
Letter_26_1375975531|21|1767577500|0|6864.00000|0.00000|65280|1|0|0|0|0|B||10|0|8|0|0|0
Letter_271_1375975531|21|1767374220|0|6864.00000|0.00000|255|1|0|0|0|0|S||10|0|8|0|0|0
Letter_272_1375975531|21|1767374160|0|6868.00000|0.00000|65280|1|0|0|0|0|B||10|0|8|0|0|0
Letter_286_1375975531|21|1767373260|0|6890.00000|0.00000|255|1|0|0|0|0|S||10|0|8|0|0|0
Letter_289_1375975531|21|1767372780|0|6890.00000|0.00000|65280|1|0|0|0|0|B||10|0|8|0|0|0
Letter_28_1375975531|21|1767576120|0|6862.00000|0.00000|255|1|0|0|0|0|S||10|0|8|0|0|0
Letter_291_1375975531|21|1767372602|0|6888.00000|0.00000|255|1|0|0|0|0|S||10|0|8|0|0|0
Letter_294_1375975531|21|1767372540|0|6888.00000|0.00000|65280|1|0|0|0|0|B||10|0|8|0|0|0
Letter_295_1375975531|21|1767372481|0|6884.00000|0.00000|255|1|0|0|0|0|S||10|0|8|0|0|0
Letter_304_1375975531|21|1767372000|0|6872.00000|0.00000|65280|1|0|0|0|0|B||10|0|8|0|0|0
Letter_307_1375975531|21|1767371762|0|6872.00000|0.00000|255|1|0|0|0|0|S||10|0|8|0|0|0
Letter_310_1375975531|21|1767371701|0|6872.00000|0.00000|65280|1|0|0|0|0|B||10|0|8|0|0|0
Letter_312_1375975531|21|1767371640|0|6870.00000|0.00000|255|1|0|0|0|0|S||10|0|8|0|0|0
Letter_313_1375975531|21|1767371581|0|6874.00000|0.00000|65280|1|0|0|0|0|B||10|0|8|0|0|0
Letter_319_1375975531|21|1767371460|0|6880.00000|0.00000|255|1|0|0|0|0|S||10|0|8|0|0|0
Letter_31_1375975531|21|1767575580|0|6862.00000|0.00000|65280|1|0|0|0|0|B||10|0|8|0|0|0
Letter_320_1375975531|21|1767371402|0|6884.00000|0.00000|65280|1|0|0|0|0|B||10|0|8|0|0|0
Letter_322_1375975531|21|1767371400|0|6882.00000|0.00000|255|1|0|0|0|0|S||10|0|8|0|0|0
Letter_324_1375975531|21|1767370800|0|6884.00000|0.00000|65280|1|0|0|0|0|B||10|0|8|0|0|0
Letter_329_1375975531|21|1767358920|0|6888.00000|0.00000|255|1|0|0|0|0|S||10|0|8|0|0|0
Letter_331_1375975531|21|1767357180|0|6890.00000|0.00000|65280|1|0|0|0|0|B||10|0|8|0|0|0
Letter_333_1375975531|21|1767355080|0|6888.00000|0.00000|255|1|0|0|0|0|S||10|0|8|0|0|0
Letter_338_1375975531|21|1767349800|0|6884.00000|0.00000|65280|1|0|0|0|0|B||10|0|8|0|0|0
Letter_339_1375975531|21|1767349680|0|6880.00000|0.00000|255|1|0|0|0|0|S||10|0|8|0|0|0
Letter_340_1375975531|21|1767349500|0|6884.00000|0.00000|65280|1|0|0|0|0|B||10|0|8|0|0|0
Letter_341_1375975531|21|1767349200|0|6880.00000|0.00000|255|1|0|0|0|0|S||10|0|8|0|0|0
Letter_344_1375975531|21|1767345180|0|6880.00000|0.00000|65280|1|0|0|0|0|B||10|0|8|0|0|0
Letter_345_1375975531|21|1767341340|0|6876.00000|0.00000|255|1|0|0|0|0|S||10|0|8|0|0|0
Letter_34_1375975531|21|1767574804|0|6862.00000|0.00000|255|1|0|0|0|0|S||10|0|8|0|0|0
Letter_357_1375975531|21|1767319680|0|6858.00000|0.00000|65280|1|0|0|0|0|B||10|0|8|0|0|0
Letter_358_1375975531|21|1767317160|0|6854.00000|0.00000|255|1|0|0|0|0|S||10|0|8|0|0|0
Letter_360_1375975531|21|1767315660|0|6856.00000|0.00000|65280|1|0|0|0|0|B||10|0|8|0|0|0
Letter_361_1375975531|21|1767315602|0|6852.00000|0.00000|255|1|0|0|0|0|S||10|0|8|0|0|0
Letter_364_1375975531|21|1767223440|0|6852.00000|0.00000|65280|1|0|0|0|0|B||10|0|8|0|0|0
Letter_365_1375975531|21|1767222840|0|6848.00000|0.00000|255|1|0|0|0|0|S||10|0|8|0|0|0
Letter_367_1375975531|21|1767222120|0|6850.00000|0.00000|65280|1|0|0|0|0|B||10|0|8|0|0|0
Letter_368_1375975531|21|1767222000|0|6846.00000|0.00000|255|1|0|0|0|0|S||10|0|8|0|0|0
Letter_369_1375975531|21|1767221941|0|6850.00000|0.00000|65280|1|0|0|0|0|B||10|0|8|0|0|0
Letter_373_1375975531|21|1767221761|0|6852.00000|0.00000|255|1|0|0|0|0|S||10|0|8|0|0|0
Letter_374_1375975531|21|1767221760|0|6856.00000|0.00000|65280|1|0|0|0|0|B||10|0|8|0|0|0
Letter_375_1375975531|21|1767221701|0|6852.00000|0.00000|255|1|0|0|0|0|S||10|0|8|0|0|0
Letter_376_1375975531|21|1767221700|0|6856.00000|0.00000|65280|1|0|0|0|0|B||10|0|8|0|0|0
Letter_380_1375975531|21|1767220560|0|6858.00000|0.00000|255|1|0|0|0|0|S||10|0|8|0|0|0
Letter_384_1375975531|21|1767220140|0|6856.00000|0.00000|65280|1|0|0|0|0|B||10|0|8|0|0|0
Letter_387_1375975531|21|1767219360|0|6856.00000|0.00000|255|1|0|0|0|0|S||10|0|8|0|0|0
Letter_388_1375975531|21|1767219060|0|6860.00000|0.00000|65280|1|0|0|0|0|B||10|0|8|0|0|0
Letter_396_1375975531|21|1767217020|0|6870.00000|0.00000|255|1|0|0|0|0|S||10|0|8|0|0|0
Letter_398_1375975531|21|1767216841|0|6872.00000|0.00000|65280|1|0|0|0|0|B||10|0|8|0|0|0
Letter_39_1375975531|21|1767397920|0|6858.00000|0.00000|65280|1|0|0|0|0|B||10|0|8|0|0|0
Letter_407_1375975531|21|1767214920|0|6884.00000|0.00000|255|1|0|0|0|0|S||10|0|8|0|0|0
Letter_413_1375975531|21|1767210900|0|6878.00000|0.00000|65280|1|0|0|0|0|B||10|0|8|0|0|0
Letter_415_1375975531|21|1767209820|0|6876.00000|0.00000|255|1|0|0|0|0|S||10|0|8|0|0|0
Letter_417_1375975531|21|1767208140|0|6878.00000|0.00000|65280|1|0|0|0|0|B||10|0|8|0|0|0
Letter_419_1375975531|21|1767207360|0|6876.00000|0.00000|255|1|0|0|0|0|S||10|0|8|0|0|0
Letter_41_1375975531|21|1767394800|0|6856.00000|0.00000|255|1|0|0|0|0|S||10|0|8|0|0|0
Letter_424_1375975531|21|1767203701|0|6872.00000|0.00000|65280|1|0|0|0|0|B||10|0|8|0|0|0
Letter_430_1375975531|21|1767201960|0|6878.00000|0.00000|255|1|0|0|0|0|S||10|0|8|0|0|0
Letter_432_1375975531|21|1767201480|0|6880.00000|0.00000|65280|1|0|0|0|0|B||10|0|8|0|0|0
Letter_438_1375975531|21|1767200100|0|6886.00000|0.00000|255|1|0|0|0|0|S||10|0|8|0|0|0
Letter_442_1375975531|21|1767199560|0|6884.00000|0.00000|65280|1|0|0|0|0|B||10|0|8|0|0|0
Letter_453_1375975531|21|1767196380|0|6900.00000|0.00000|255|1|0|0|0|0|S||10|0|8|0|0|0
Letter_466_1375975531|21|1767182640|0|6880.00000|0.00000|65280|1|0|0|0|0|B||10|0|8|0|0|0
Letter_467_1375975531|21|1767178860|0|6876.00000|0.00000|255|1|0|0|0|0|S||10|0|8|0|0|0
Letter_468_1375975531|21|1767177600|0|6880.00000|0.00000|65280|1|0|0|0|0|B||10|0|8|0|0|0
Letter_46_1375975531|21|1767394560|0|6852.00000|0.00000|65280|1|0|0|0|0|B||10|0|8|0|0|0
Letter_471_1375975531|21|1767173160|0|6880.00000|0.00000|255|1|0|0|0|0|S||10|0|8|0|0|0
Letter_472_1375975531|21|1767172260|0|6884.00000|0.00000|65280|1|0|0|0|0|B||10|0|8|0|0|0
Letter_476_1375975546|21|1767155460|0|6886.00000|0.00000|255|1|0|0|0|0|S||10|0|8|0|0|0
Letter_479_1375975546|21|1767150001|0|6886.00000|0.00000|65280|1|0|0|0|0|B||10|0|8|0|0|0
Letter_487_1375975546|21|1767142800|0|6896.00000|0.00000|255|1|0|0|0|0|S||10|0|8|0|0|0
Letter_488_1375975546|21|1767135541|0|6900.00000|0.00000|65280|1|0|0|0|0|B||10|0|8|0|0|0
Letter_48_1375975531|21|1767394202|0|6850.00000|0.00000|255|1|0|0|0|0|S||10|0|8|0|0|0
Letter_492_1375975546|21|1767134460|0|6902.00000|0.00000|255|1|0|0|0|0|S||10|0|8|0|0|0
Letter_495_1375975546|21|1767132720|0|6902.00000|0.00000|65280|1|0|0|0|0|B||10|0|8|0|0|0
Letter_498_1375975546|21|1767129240|0|6902.00000|0.00000|255|1|0|0|0|0|S||10|0|8|0|0|0
Letter_499_1375975546|21|1767128700|0|6906.00000|0.00000|65280|1|0|0|0|0|B||10|0|8|0|0|0
Letter_500_1375975546|21|1767127560|0|6902.00000|0.00000|255|1|0|0|0|0|S||10|0|8|0|0|0
Letter_501_1375975546|21|1767127260|0|6906.00000|0.00000|65280|1|0|0|0|0|B||10|0|8|0|0|0
Letter_502_1375975546|21|1767126600|0|6902.00000|0.00000|255|1|0|0|0|0|S||10|0|8|0|0|0
Letter_504_1375975546|21|1767124860|0|6904.00000|0.00000|65280|1|0|0|0|0|B||10|0|8|0|0|0
Letter_505_1375975546|21|1767124380|0|6900.00000|0.00000|255|1|0|0|0|0|S||10|0|8|0|0|0
Letter_506_1375975546|21|1767123900|0|6904.00000|0.00000|65280|1|0|0|0|0|B||10|0|8|0|0|0
Letter_507_1375975546|21|1767123240|0|6900.00000|0.00000|255|1|0|0|0|0|S||10|0|8|0|0|0
Letter_510_1375975546|21|1767122160|0|6900.00000|0.00000|65280|1|0|0|0|0|B||10|0|8|0|0|0
Letter_517_1375975546|21|1767118860|0|6908.00000|0.00000|255|1|0|0|0|0|S||10|0|8|0|0|0
Letter_51_1375975531|21|1767394080|0|6850.00000|0.00000|65280|1|0|0|0|0|B||10|0|8|0|0|0
Letter_525_1375975546|21|1767116100|0|6898.00000|0.00000|65280|1|0|0|0|0|B||10|0|8|0|0|0
Letter_527_1375975546|21|1767115380|0|6896.00000|0.00000|255|1|0|0|0|0|S||10|0|8|0|0|0
Letter_528_1375975546|21|1767114780|0|6900.00000|0.00000|65280|1|0|0|0|0|B||10|0|8|0|0|0
Letter_535_1375975546|21|1767113761|0|6908.00000|0.00000|255|1|0|0|0|0|S||10|0|8|0|0|0
Letter_542_1375975546|21|1767113160|0|6900.00000|0.00000|65280|1|0|0|0|0|B||10|0|8|0|0|0
Letter_545_1375975546|21|1767110340|0|6900.00000|0.00000|255|1|0|0|0|0|S||10|0|8|0|0|0
Letter_546_1375975546|21|1767109080|0|6904.00000|0.00000|65280|1|0|0|0|0|B||10|0|8|0|0|0
Letter_548_1375975546|21|1767105660|0|6902.00000|0.00000|255|1|0|0|0|0|S||10|0|8|0|0|0
Letter_549_1375975546|21|1767105300|0|6906.00000|0.00000|65280|1|0|0|0|0|B||10|0|8|0|0|0
Letter_550_1375975546|21|1767103380|0|6902.00000|0.00000|255|1|0|0|0|0|S||10|0|8|0|0|0
Letter_552_1375975546|21|1767101040|0|6904.00000|0.00000|65280|1|0|0|0|0|B||10|0|8|0|0|0
Letter_555_1375975546|21|1767092700|0|6904.00000|0.00000|255|1|0|0|0|0|S||10|0|8|0|0|0
Letter_560_1375975546|21|1767087120|0|6900.00000|0.00000|65280|1|0|0|0|0|B||10|0|8|0|0|0
Letter_565_1375975546|21|1767080940|0|6904.00000|0.00000|255|1|0|0|0|0|S||10|0|8|0|0|0
Letter_566_1375975546|21|1767080100|0|6908.00000|0.00000|65280|1|0|0|0|0|B||10|0|8|0|0|0
Letter_567_1375975546|21|1767075180|0|6904.00000|0.00000|255|1|0|0|0|0|S||10|0|8|0|0|0
Letter_569_1375975546|21|1767063480|0|6906.00000|0.00000|65280|1|0|0|0|0|B||10|0|8|0|0|0
Letter_571_1375975546|21|1767050280|0|6904.00000|0.00000|255|1|0|0|0|0|S||10|0|8|0|0|0
Letter_572_1375975546|21|1767049140|0|6908.00000|0.00000|65280|1|0|0|0|0|B||10|0|8|0|0|0
Letter_573_1375975546|21|1767049080|0|6904.00000|0.00000|255|1|0|0|0|0|S||10|0|8|0|0|0
Letter_574_1375975546|21|1767049020|0|6908.00000|0.00000|65280|1|0|0|0|0|B||10|0|8|0|0|0
Letter_578_1375975546|21|1767046500|0|6910.00000|0.00000|255|1|0|0|0|0|S||10|0|8|0|0|0
Letter_57_1375975531|21|1767392880|0|6856.00000|0.00000|255|1|0|0|0|0|S||10|0|8|0|0|0
Letter_585_1375975546|21|1767042120|0|6902.00000|0.00000|65280|1|0|0|0|0|B||10|0|8|0|0|0
Letter_588_1375975546|21|1767040620|0|6902.00000|0.00000|255|1|0|0|0|0|S||10|0|8|0|0|0
Letter_58_1375975531|21|1767392760|0|6860.00000|0.00000|65280|1|0|0|0|0|B||10|0|8|0|0|0
Letter_596_1375975546|21|1767036480|0|6892.00000|0.00000|65280|1|0|0|0|0|B||10|0|8|0|0|0
Letter_5_1375975531|21|1767604981|0|6870.00000|0.00000|65280|1|0|0|0|0|B||10|0|8|0|0|0
Letter_601_1375975546|21|1767034440|0|6896.00000|0.00000|255|1|0|0|0|0|S||10|0|8|0|0|0
Letter_603_1375975546|21|1767033660|0|6898.00000|0.00000|65280|1|0|0|0|0|B||10|0|8|0|0|0
Letter_606_1375975546|21|1767033180|0|6898.00000|0.00000|255|1|0|0|0|0|S||10|0|8|0|0|0
Letter_607_1375975546|21|1767032160|0|6902.00000|0.00000|65280|1|0|0|0|0|B||10|0|8|0|0|0
Letter_608_1375975546|21|1767031920|0|6898.00000|0.00000|255|1|0|0|0|0|S||10|0|8|0|0|0
Letter_609_1375975546|21|1767031620|0|6902.00000|0.00000|65280|1|0|0|0|0|B||10|0|8|0|0|0
Letter_60_1375975531|21|1767392340|0|6858.00000|0.00000|255|1|0|0|0|0|S||10|0|8|0|0|0
Letter_611_1375975546|21|1767031080|0|6900.00000|0.00000|255|1|0|0|0|0|S||10|0|8|0|0|0
Letter_613_1375975546|21|1767030660|0|6902.00000|0.00000|65280|1|0|0|0|0|B||10|0|8|0|0|0
Letter_618_1375975546|21|1767030240|0|6906.00000|0.00000|255|1|0|0|0|0|S||10|0|8|0|0|0
Letter_619_1375975546|21|1767029880|0|6910.00000|0.00000|65280|1|0|0|0|0|B||10|0|8|0|0|0
Letter_61_1375975531|21|1767392040|0|6862.00000|0.00000|65280|1|0|0|0|0|B||10|0|8|0|0|0
Letter_620_1375975546|21|1767029700|0|6906.00000|0.00000|255|1|0|0|0|0|S||10|0|8|0|0|0
Letter_626_1375975546|21|1767028200|0|6900.00000|0.00000|65280|1|0|0|0|0|B||10|0|8|0|0|0
Letter_62_1375975531|21|1767391920|0|6858.00000|0.00000|255|1|0|0|0|0|S||10|0|8|0|0|0
Letter_631_1375975546|21|1767027240|0|6904.00000|0.00000|255|1|0|0|0|0|S||10|0|8|0|0|0
Letter_632_1375975546|21|1767027060|0|6908.00000|0.00000|65280|1|0|0|0|0|B||10|0|8|0|0|0
Letter_633_1375975546|21|1767027000|0|6904.00000|0.00000|255|1|0|0|0|0|S||10|0|8|0|0|0
Letter_634_1375975546|21|1767026881|0|6908.00000|0.00000|65280|1|0|0|0|0|B||10|0|8|0|0|0
Letter_636_1375975546|21|1767026820|0|6906.00000|0.00000|255|1|0|0|0|0|S||10|0|8|0|0|0
Letter_637_1375975546|21|1767026701|0|6910.00000|0.00000|65280|1|0|0|0|0|B||10|0|8|0|0|0
Letter_642_1375975546|21|1767026220|0|6914.00000|0.00000|255|1|0|0|0|0|S||10|0|8|0|0|0
Letter_64_1375975531|21|1767391080|0|6860.00000|0.00000|65280|1|0|0|0|0|B||10|0|8|0|0|0
Letter_650_1375975546|21|1767025800|0|6904.00000|0.00000|65280|1|0|0|0|0|B||10|0|8|0|0|0
Letter_651_1375975546|21|1767025741|0|6900.00000|0.00000|255|1|0|0|0|0|S||10|0|8|0|0|0
Letter_655_1375975546|21|1767025080|0|6898.00000|0.00000|65280|1|0|0|0|0|B||10|0|8|0|0|0
Letter_659_1375975546|21|1767023820|0|6900.00000|0.00000|255|1|0|0|0|0|S||10|0|8|0|0|0
Letter_661_1375975546|21|1767023400|0|6902.00000|0.00000|65280|1|0|0|0|0|B||10|0|8|0|0|0
Letter_668_1375975546|21|1767020580|0|6910.00000|0.00000|255|1|0|0|0|0|S||10|0|8|0|0|0
Letter_669_1375975546|21|1767019380|0|6914.00000|0.00000|65280|1|0|0|0|0|B||10|0|8|0|0|0
Letter_672_1375975546|21|1767015840|0|6914.00000|0.00000|255|1|0|0|0|0|S||10|0|8|0|0|0
Letter_674_1375975546|21|1767014340|0|6916.00000|0.00000|65280|1|0|0|0|0|B||10|0|8|0|0|0
Letter_676_1375975546|21|1767010500|0|6914.00000|0.00000|255|1|0|0|0|0|S||10|0|8|0|0|0
Letter_678_1375975546|21|1767008820|0|6916.00000|0.00000|65280|1|0|0|0|0|B||10|0|8|0|0|0
Letter_679_1375975546|21|1767006960|0|6912.00000|0.00000|255|1|0|0|0|0|S||10|0|8|0|0|0
Letter_67_1375975531|21|1767390000|0|6860.00000|0.00000|255|1|0|0|0|0|S||10|0|8|0|0|0
Letter_681_1375975546|21|1767005700|0|6914.00000|0.00000|65280|1|0|0|0|0|B||10|0|8|0|0|0
Letter_687_1375975546|21|1767000600|0|6920.00000|0.00000|255|1|0|0|0|0|S||10|0|8|0|0|0
Letter_688_1375975546|21|1766999280|0|6924.00000|0.00000|65280|1|0|0|0|0|B||10|0|8|0|0|0
Letter_691_1375975546|21|1766996580|0|6924.00000|0.00000|255|1|0|0|0|0|S||10|0|8|0|0|0
Letter_692_1375975546|21|1766992200|0|6928.00000|0.00000|65280|1|0|0|0|0|B||10|0|8|0|0|0
Letter_694_1375975546|21|1766989020|0|6926.00000|0.00000|255|1|0|0|0|0|S||10|0|8|0|0|0
Letter_695_1375975546|21|1766980560|0|6930.00000|0.00000|65280|1|0|0|0|0|B||10|0|8|0|0|0
Letter_699_1375975546|21|1766977080|0|6932.00000|0.00000|255|1|0|0|0|0|S||10|0|8|0|0|0
Letter_701_1375975546|21|1766973600|0|6934.00000|0.00000|65280|1|0|0|0|0|B||10|0|8|0|0|0
Letter_702_1375975546|21|1766972460|0|6930.00000|0.00000|255|1|0|0|0|0|S||10|0|8|0|0|0
Letter_703_1375975546|21|1766970360|0|6934.00000|0.00000|65280|1|0|0|0|0|B||10|0|8|0|0|0
Letter_704_1375975546|21|1766970000|0|6930.00000|0.00000|255|1|0|0|0|0|S||10|0|8|0|0|0
Letter_706_1375975546|21|1766784300|0|6932.00000|0.00000|65280|1|0|0|0|0|B||10|0|8|0|0|0
Letter_707_1375975546|21|1766783040|0|6928.00000|0.00000|255|1|0|0|0|0|S||10|0|8|0|0|0
Letter_711_1375975546|21|1766780580|0|6926.00000|0.00000|65280|1|0|0|0|0|B||10|0|8|0|0|0
Letter_713_1375975546|21|1766779440|0|6924.00000|0.00000|255|1|0|0|0|0|S||10|0|8|0|0|0
Letter_714_1375975546|21|1766777760|0|6928.00000|0.00000|65280|1|0|0|0|0|B||10|0|8|0|0|0
Letter_716_1375975546|21|1766777400|0|6926.00000|0.00000|255|1|0|0|0|0|S||10|0|8|0|0|0
Letter_718_1375975546|21|1766776200|0|6928.00000|0.00000|65280|1|0|0|0|0|B||10|0|8|0|0|0
Letter_720_1375975546|21|1766773200|0|6926.00000|0.00000|255|1|0|0|0|0|S||10|0|8|0|0|0
Letter_721_1375975546|21|1766772900|0|6930.00000|0.00000|65280|1|0|0|0|0|B||10|0|8|0|0|0
Letter_725_1375975546|21|1766771880|0|6932.00000|0.00000|255|1|0|0|0|0|S||10|0|8|0|0|0
Letter_726_1375975546|21|1766770980|0|6936.00000|0.00000|65280|1|0|0|0|0|B||10|0|8|0|0|0
Letter_727_1375975546|21|1766770500|0|6932.00000|0.00000|255|1|0|0|0|0|S||10|0|8|0|0|0
Letter_728_1375975546|21|1766770380|0|6936.00000|0.00000|65280|1|0|0|0|0|B||10|0|8|0|0|0
Letter_729_1375975546|21|1766770260|0|6932.00000|0.00000|255|1|0|0|0|0|S||10|0|8|0|0|0
Letter_72_1375975531|21|1767389280|0|6856.00000|0.00000|65280|1|0|0|0|0|B||10|0|8|0|0|0
Letter_731_1375975546|21|1766769900|0|6934.00000|0.00000|65280|1|0|0|0|0|B||10|0|8|0|0|0
Letter_732_1375975546|21|1766769780|0|6930.00000|0.00000|255|1|0|0|0|0|S||10|0|8|0|0|0
Letter_736_1375975546|21|1766769300|0|6928.00000|0.00000|65280|1|0|0|0|0|B||10|0|8|0|0|0
Letter_739_1375975546|21|1766768760|0|6928.00000|0.00000|255|1|0|0|0|0|S||10|0|8|0|0|0
Letter_73_1375975531|21|1767389100|0|6852.00000|0.00000|255|1|0|0|0|0|S||10|0|8|0|0|0
Letter_741_1375975546|21|1766768520|0|6930.00000|0.00000|65280|1|0|0|0|0|B||10|0|8|0|0|0
Letter_746_1375975546|21|1766767980|0|6934.00000|0.00000|255|1|0|0|0|0|S||10|0|8|0|0|0
Letter_748_1375975546|21|1766767861|0|6936.00000|0.00000|65280|1|0|0|0|0|B||10|0|8|0|0|0
Letter_753_1375975546|21|1766767560|0|6940.00000|0.00000|255|1|0|0|0|0|S||10|0|8|0|0|0
Letter_759_1375975546|21|1766766661|0|6934.00000|0.00000|65280|1|0|0|0|0|B||10|0|8|0|0|0
Letter_761_1375975546|21|1766766600|0|6932.00000|0.00000|255|1|0|0|0|0|S||10|0|8|0|0|0
Letter_765_1375975546|21|1766756760|0|6930.00000|0.00000|65280|1|0|0|0|0|B||10|0|8|0|0|0
Letter_767_1375975546|21|1766751600|0|6928.00000|0.00000|255|1|0|0|0|0|S||10|0|8|0|0|0
Letter_769_1375975546|21|1766740680|0|6930.00000|0.00000|65280|1|0|0|0|0|B||10|0|8|0|0|0
Letter_774_1375975546|21|1766715180|0|6934.00000|0.00000|255|1|0|0|0|0|S||10|0|8|0|0|0
Letter_776_1375975546|21|1766712060|0|6936.00000|0.00000|65280|1|0|0|0|0|B||10|0|8|0|0|0
Letter_778_1375975546|21|1766711640|0|6934.00000|0.00000|255|1|0|0|0|0|S||10|0|8|0|0|0
Letter_77_1375975531|21|1767388740|0|6850.00000|0.00000|65280|1|0|0|0|0|B||10|0|8|0|0|0
Letter_783_1375975546|21|1766607180|0|6930.00000|0.00000|65280|1|0|0|0|0|B||10|0|8|0|0|0
Letter_784_1375975546|21|1766606880|0|6926.00000|0.00000|255|1|0|0|0|0|S||10|0|8|0|0|0
Letter_785_1375975546|21|1766606820|0|6930.00000|0.00000|65280|1|0|0|0|0|B||10|0|8|0|0|0
Letter_788_1375975546|21|1766606340|0|6930.00000|0.00000|255|1|0|0|0|0|S||10|0|8|0|0|0
Letter_789_1375975546|21|1766606100|0|6934.00000|0.00000|65280|1|0|0|0|0|B||10|0|8|0|0|0
Letter_78_1375975531|21|1767388381|0|6846.00000|0.00000|255|1|0|0|0|0|S||10|0|8|0|0|0
Letter_791_1375975546|21|1766604660|0|6932.00000|0.00000|255|1|0|0|0|0|S||10|0|8|0|0|0
Letter_7_1375975531|21|1767603060|0|6868.00000|0.00000|255|1|0|0|0|0|S||10|0|8|0|0|0
Letter_805_1375975546|21|1766593800|0|6910.00000|0.00000|65280|1|0|0|0|0|B||10|0|8|0|0|0
Letter_806_1375975546|21|1766590920|0|6906.00000|0.00000|255|1|0|0|0|0|S||10|0|8|0|0|0
Letter_809_1375975546|21|1766559240|0|6906.00000|0.00000|65280|1|0|0|0|0|B||10|0|8|0|0|0
Letter_812_1375975546|21|1766530620|0|6906.00000|0.00000|255|1|0|0|0|0|S||10|0|8|0|0|0
Letter_830_1375975546|21|1766509920|0|6876.00000|0.00000|65280|1|0|0|0|0|B||10|0|8|0|0|0
Letter_832_1375975546|21|1766509800|0|6874.00000|0.00000|255|1|0|0|0|0|S||10|0|8|0|0|0
Letter_834_1375975546|21|1766509500|0|6876.00000|0.00000|65280|1|0|0|0|0|B||10|0|8|0|0|0
Letter_842_1375975546|21|1766508480|0|6886.00000|0.00000|255|1|0|0|0|0|S||10|0|8|0|0|0
Letter_849_1375975546|21|1766507581|0|6878.00000|0.00000|65280|1|0|0|0|0|B||10|0|8|0|0|0
Letter_852_1375975546|21|1766507460|0|6878.00000|0.00000|255|1|0|0|0|0|S||10|0|8|0|0|0
Letter_861_1375975546|21|1766505480|0|6866.00000|0.00000|65280|1|0|0|0|0|B||10|0|8|0|0|0
Letter_870_1375975546|21|1766489400|0|6878.00000|0.00000|255|1|0|0|0|0|S||10|0|8|0|0|0
Letter_875_1375975546|21|1766478420|0|6874.00000|0.00000|65280|1|0|0|0|0|B||10|0|8|0|0|0
Letter_880_1375975546|21|1766463360|0|6878.00000|0.00000|255|1|0|0|0|0|S||10|0|8|0|0|0
Letter_882_1375975546|21|1766460840|0|6880.00000|0.00000|65280|1|0|0|0|0|B||10|0|8|0|0|0
Letter_883_1375975546|21|1766452200|0|6876.00000|0.00000|255|1|0|0|0|0|S||10|0|8|0|0|0
Letter_88_1375975531|21|1767387720|0|6832.00000|0.00000|65280|1|0|0|0|0|B||10|0|8|0|0|0
Letter_89_1375975531|21|1767387600|0|6828.00000|0.00000|255|1|0|0|0|0|S||10|0|8|0|0|0
Letter_91_1375975531|21|1767387420|0|6830.00000|0.00000|65280|1|0|0|0|0|B||10|0|8|0|0|0
Letter_92_1375975531|21|1767387241|0|6826.00000|0.00000|255|1|0|0|0|0|S||10|0|8|0|0|0
Letter_94_1375975531|21|1767387000|0|6828.00000|0.00000|65280|1|0|0|0|0|B||10|0|8|0|0|0
Letter_9_1375975531|21|1767601740|0|6870.00000|0.00000|65280|1|0|0|0|0|B||10|0|8|0|0|0
NormalTL_H_101|2|1767386640|1767387840|6838.00000|6838.00000|16711680|2|1|0|1|0|||0|0
NormalTL_H_105|2|1767386280|1767387480|6838.00000|6838.00000|16711680|2|1|0|1|0|||0|0
NormalTL_H_111|2|1767385260|1767386460|6842.00000|6842.00000|16711680|2|1|0|1|0|||0|0
NormalTL_H_130|2|1767382200|1767383400|6852.00000|6852.00000|16711680|2|1|0|1|0|||0|0
NormalTL_H_135|2|1767381181|1767382381|6850.00000|6850.00000|16711680|2|1|0|1|0|||0|0
NormalTL_H_197|2|1767377400|1767378600|6842.00000|6842.00000|16711680|2|1|0|1|0|||0|0
NormalTL_H_217|2|1767376500|1767377700|6858.00000|6858.00000|16711680|2|1|0|1|0|||0|0
NormalTL_H_22|2|1767579360|1767580560|6868.00000|6868.00000|16711680|2|1|0|1|0|||0|0
NormalTL_H_235|2|1767375721|1767376921|6870.00000|6870.00000|16711680|2|1|0|1|0|||0|0
NormalTL_H_244|2|1767375300|1767376500|6864.00000|6864.00000|16711680|2|1|0|1|0|||0|0
NormalTL_H_287|2|1767373201|1767374401|6894.00000|6894.00000|16711680|2|1|0|1|0|||0|0
NormalTL_H_29|2|1767576060|1767577260|6866.00000|6866.00000|16711680|2|1|0|1|0|||0|0
NormalTL_H_292|2|1767372601|1767373801|6892.00000|6892.00000|16711680|2|1|0|1|0|||0|0
NormalTL_H_308|2|1767371761|1767372961|6876.00000|6876.00000|16711680|2|1|0|1|0|||0|0
NormalTL_H_323|2|1767371220|1767372420|6886.00000|6886.00000|16711680|2|1|0|1|0|||0|0
NormalTL_H_330|2|1767358020|1767359220|6892.00000|6892.00000|16711680|2|1|0|1|0|||0|0
NormalTL_H_334|2|1767352080|1767353280|6892.00000|6892.00000|16711680|2|1|0|1|0|||0|0
NormalTL_H_35|2|1767574803|1767576003|6866.00000|6866.00000|16711680|2|1|0|1|0|||0|0
NormalTL_H_381|2|1767220321|1767221521|6862.00000|6862.00000|16711680|2|1|0|1|0|||0|0
NormalTL_H_397|2|1767216960|1767218160|6874.00000|6874.00000|16711680|2|1|0|1|0|||0|0
NormalTL_H_408|2|1767214080|1767215280|6888.00000|6888.00000|16711680|2|1|0|1|0|||0|0
NormalTL_H_416|2|1767208620|1767209820|6880.00000|6880.00000|16711680|2|1|0|1|0|||0|0
NormalTL_H_42|2|1767394742|1767395942|6860.00000|6860.00000|16711680|2|1|0|1|0|||0|0
NormalTL_H_420|2|1767206280|1767207480|6880.00000|6880.00000|16711680|2|1|0|1|0|||0|0
NormalTL_H_431|2|1767201780|1767202980|6882.00000|6882.00000|16711680|2|1|0|1|0|||0|0
NormalTL_H_439|2|1767199921|1767201121|6890.00000|6890.00000|16711680|2|1|0|1|0|||0|0
NormalTL_H_454|2|1767196260|1767197460|6904.00000|6904.00000|16711680|2|1|0|1|0|||0|0
NormalTL_H_477|2|1767150780|1767151980|6890.00000|6890.00000|16711680|2|1|0|1|0|||0|0
NormalTL_H_49|2|1767394201|1767395401|6854.00000|6854.00000|16711680|2|1|0|1|0|||0|0
NormalTL_H_493|2|1767133500|1767134700|6906.00000|6906.00000|16711680|2|1|0|1|0|||0|0
NormalTL_H_518|2|1767118800|1767120000|6912.00000|6912.00000|16711680|2|1|0|1|0|||0|0
NormalTL_H_536|2|1767113760|1767114960|6912.00000|6912.00000|16711680|2|1|0|1|0|||0|0
NormalTL_H_556|2|1767091500|1767092700|6908.00000|6908.00000|16711680|2|1|0|1|0|||0|0
NormalTL_H_579|2|1767045300|1767046500|6914.00000|6914.00000|16711680|2|1|0|1|0|||0|0
NormalTL_H_589|2|1767040500|1767041700|6906.00000|6906.00000|16711680|2|1|0|1|0|||0|0
NormalTL_H_602|2|1767033960|1767035160|6900.00000|6900.00000|16711680|2|1|0|1|0|||0|0
NormalTL_H_612|2|1767030900|1767032100|6904.00000|6904.00000|16711680|2|1|0|1|0|||0|0
NormalTL_H_643|2|1767026163|1767027363|6918.00000|6918.00000|16711680|2|1|0|1|0|||0|0
NormalTL_H_660|2|1767023580|1767024780|6904.00000|6904.00000|16711680|2|1|0|1|0|||0|0
NormalTL_H_673|2|1767015480|1767016680|6918.00000|6918.00000|16711680|2|1|0|1|0|||0|0
NormalTL_H_677|2|1767009480|1767010680|6918.00000|6918.00000|16711680|2|1|0|1|0|||0|0
NormalTL_H_68|2|1767389641|1767390841|6864.00000|6864.00000|16711680|2|1|0|1|0|||0|0
NormalTL_H_700|2|1766976360|1766977560|6936.00000|6936.00000|16711680|2|1|0|1|0|||0|0
NormalTL_H_717|2|1766777220|1766778420|6930.00000|6930.00000|16711680|2|1|0|1|0|||0|0
NormalTL_H_740|2|1766768640|1766769840|6932.00000|6932.00000|16711680|2|1|0|1|0|||0|0
NormalTL_H_747|2|1766767920|1766769120|6938.00000|6938.00000|16711680|2|1|0|1|0|||0|0
NormalTL_H_754|2|1766767260|1766768460|6944.00000|6944.00000|16711680|2|1|0|1|0|||0|0
NormalTL_H_762|2|1766763480|1766764680|6936.00000|6936.00000|16711680|2|1|0|1|0|||0|0
NormalTL_H_768|2|1766747340|1766748540|6932.00000|6932.00000|16711680|2|1|0|1|0|||0|0
NormalTL_H_775|2|1766714640|1766715840|6938.00000|6938.00000|16711680|2|1|0|1|0|||0|0
NormalTL_H_779|2|1766711460|1766712660|6938.00000|6938.00000|16711680|2|1|0|1|0|||0|0
NormalTL_H_792|2|1766603160|1766604360|6936.00000|6936.00000|16711680|2|1|0|1|0|||0|0
NormalTL_H_8|2|1767602700|1767603900|6872.00000|6872.00000|16711680|2|1|0|1|0|||0|0
NormalTL_H_813|2|1766524860|1766526060|6910.00000|6910.00000|16711680|2|1|0|1|0|||0|0
NormalTL_H_833|2|1766509740|1766510940|6878.00000|6878.00000|16711680|2|1|0|1|0|||0|0
NormalTL_H_843|2|1766508420|1766509620|6890.00000|6890.00000|16711680|2|1|0|1|0|||0|0
NormalTL_H_853|2|1766507406|1766508606|6882.00000|6882.00000|16711680|2|1|0|1|0|||0|0
NormalTL_H_871|2|1766488740|1766489940|6882.00000|6882.00000|16711680|2|1|0|1|0|||0|0
NormalTL_H_881|2|1766461320|1766462520|6882.00000|6882.00000|16711680|2|1|0|1|0|||0|0
NormalTL_L_103|2|1767386400|1767387600|6832.00000|6832.00000|13850042|2|1|0|1|0|||0|0
NormalTL_L_107|2|1767385560|1767386760|6832.00000|6832.00000|13850042|2|1|0|1|0|||0|0
NormalTL_L_115|2|1767384360|1767385560|6832.00000|6832.00000|13850042|2|1|0|1|0|||0|0
NormalTL_L_133|2|1767381600|1767382800|6844.00000|6844.00000|13850042|2|1|0|1|0|||0|0
NormalTL_L_149|2|1767379862|1767381062|6828.00000|6828.00000|13850042|2|1|0|1|0|||0|0
NormalTL_L_168|2|1767378540|1767379740|6842.00000|6842.00000|13850042|2|1|0|1|0|||0|0
NormalTL_L_192|2|1767377464|1767378664|6830.00000|6830.00000|13850042|2|1|0|1|0|||0|0
NormalTL_L_20|2|1767580680|1767581880|6862.00000|6862.00000|13850042|2|1|0|1|0|||0|0
NormalTL_L_201|2|1767377100|1767378300|6832.00000|6832.00000|13850042|2|1|0|1|0|||0|0
NormalTL_L_222|2|1767376320|1767377520|6846.00000|6846.00000|13850042|2|1|0|1|0|||0|0
NormalTL_L_241|2|1767375481|1767376681|6856.00000|6856.00000|13850042|2|1|0|1|0|||0|0
NormalTL_L_260|2|1767374700|1767375900|6842.00000|6842.00000|13850042|2|1|0|1|0|||0|0
NormalTL_L_27|2|1767576780|1767577980|6860.00000|6860.00000|13850042|2|1|0|1|0|||0|0
NormalTL_L_290|2|1767372720|1767373920|6886.00000|6886.00000|13850042|2|1|0|1|0|||0|0
NormalTL_L_305|2|1767371941|1767373141|6868.00000|6868.00000|13850042|2|1|0|1|0|||0|0
NormalTL_L_311|2|1767371700|1767372900|6868.00000|6868.00000|13850042|2|1|0|1|0|||0|0
NormalTL_L_32|2|1767575221|1767576421|6858.00000|6858.00000|13850042|2|1|0|1|0|||0|0
NormalTL_L_325|2|1767367860|1767369060|6880.00000|6880.00000|13850042|2|1|0|1|0|||0|0
NormalTL_L_332|2|1767356580|1767357780|6886.00000|6886.00000|13850042|2|1|0|1|0|||0|0
NormalTL_L_385|2|1767220020|1767221220|6852.00000|6852.00000|13850042|2|1|0|1|0|||0|0
NormalTL_L_399|2|1767216840|1767218040|6868.00000|6868.00000|13850042|2|1|0|1|0|||0|0
NormalTL_L_40|2|1767397800|1767399000|6854.00000|6854.00000|13850042|2|1|0|1|0|||0|0
NormalTL_L_414|2|1767210060|1767211260|6874.00000|6874.00000|13850042|2|1|0|1|0|||0|0
NormalTL_L_418|2|1767208020|1767209220|6874.00000|6874.00000|13850042|2|1|0|1|0|||0|0
NormalTL_L_425|2|1767203700|1767204900|6868.00000|6868.00000|13850042|2|1|0|1|0|||0|0
NormalTL_L_433|2|1767201420|1767202620|6876.00000|6876.00000|13850042|2|1|0|1|0|||0|0
NormalTL_L_443|2|1767199500|1767200700|6880.00000|6880.00000|13850042|2|1|0|1|0|||0|0
NormalTL_L_47|2|1767394440|1767395640|6848.00000|6848.00000|13850042|2|1|0|1|0|||0|0
NormalTL_L_480|2|1767150000|1767151200|6882.00000|6882.00000|13850042|2|1|0|1|0|||0|0
NormalTL_L_496|2|1767132360|1767133560|6898.00000|6898.00000|13850042|2|1|0|1|0|||0|0
NormalTL_L_511|2|1767121440|1767122640|6896.00000|6896.00000|13850042|2|1|0|1|0|||0|0
NormalTL_L_52|2|1767394020|1767395220|6846.00000|6846.00000|13850042|2|1|0|1|0|||0|0
NormalTL_L_526|2|1767115620|1767116820|6894.00000|6894.00000|13850042|2|1|0|1|0|||0|0
NormalTL_L_543|2|1767113100|1767114300|6896.00000|6896.00000|13850042|2|1|0|1|0|||0|0
NormalTL_L_553|2|1767100020|1767101220|6900.00000|6900.00000|13850042|2|1|0|1|0|||0|0
NormalTL_L_561|2|1767086520|1767087720|6896.00000|6896.00000|13850042|2|1|0|1|0|||0|0
NormalTL_L_570|2|1767057540|1767058740|6902.00000|6902.00000|13850042|2|1|0|1|0|||0|0
NormalTL_L_586|2|1767041400|1767042600|6898.00000|6898.00000|13850042|2|1|0|1|0|||0|0
NormalTL_L_597|2|1767036360|1767037560|6888.00000|6888.00000|13850042|2|1|0|1|0|||0|0
NormalTL_L_6|2|1767604980|1767606180|6866.00000|6866.00000|13850042|2|1|0|1|0|||0|0
NormalTL_L_604|2|1767033480|1767034680|6894.00000|6894.00000|13850042|2|1|0|1|0|||0|0
NormalTL_L_614|2|1767030601|1767031801|6898.00000|6898.00000|13850042|2|1|0|1|0|||0|0
NormalTL_L_627|2|1767028020|1767029220|6896.00000|6896.00000|13850042|2|1|0|1|0|||0|0
NormalTL_L_65|2|1767390840|1767392040|6856.00000|6856.00000|13850042|2|1|0|1|0|||0|0
NormalTL_L_656|2|1767024960|1767026160|6894.00000|6894.00000|13850042|2|1|0|1|0|||0|0
NormalTL_L_662|2|1767023341|1767024541|6898.00000|6898.00000|13850042|2|1|0|1|0|||0|0
NormalTL_L_675|2|1767011760|1767012960|6912.00000|6912.00000|13850042|2|1|0|1|0|||0|0
NormalTL_L_682|2|1767005160|1767006360|6910.00000|6910.00000|13850042|2|1|0|1|0|||0|0
NormalTL_L_712|2|1766780400|1766781600|6922.00000|6922.00000|13850042|2|1|0|1|0|||0|0
NormalTL_L_719|2|1766775000|1766776200|6924.00000|6924.00000|13850042|2|1|0|1|0|||0|0
NormalTL_L_737|2|1766769120|1766770320|6924.00000|6924.00000|13850042|2|1|0|1|0|||0|0
NormalTL_L_742|2|1766768462|1766769662|6926.00000|6926.00000|13850042|2|1|0|1|0|||0|0
NormalTL_L_749|2|1766767860|1766769060|6932.00000|6932.00000|13850042|2|1|0|1|0|||0|0
NormalTL_L_760|2|1766766660|1766767860|6930.00000|6930.00000|13850042|2|1|0|1|0|||0|0
NormalTL_L_766|2|1766756400|1766757600|6926.00000|6926.00000|13850042|2|1|0|1|0|||0|0
NormalTL_L_770|2|1766740260|1766741460|6926.00000|6926.00000|13850042|2|1|0|1|0|||0|0
NormalTL_L_777|2|1766712000|1766713200|6932.00000|6932.00000|13850042|2|1|0|1|0|||0|0
NormalTL_L_810|2|1766538300|1766539500|6902.00000|6902.00000|13850042|2|1|0|1|0|||0|0
NormalTL_L_831|2|1766509860|1766511060|6872.00000|6872.00000|13850042|2|1|0|1|0|||0|0
NormalTL_L_835|2|1766509380|1766510580|6872.00000|6872.00000|13850042|2|1|0|1|0|||0|0
NormalTL_L_850|2|1766507580|1766508780|6874.00000|6874.00000|13850042|2|1|0|1|0|||0|0
NormalTL_L_862|2|1766504341|1766505541|6862.00000|6862.00000|13850042|2|1|0|1|0|||0|0
NormalTL_L_876|2|1766473620|1766474820|6870.00000|6870.00000|13850042|2|1|0|1|0|||0|0
NormalTL_L_95|2|1767386942|1767388142|6824.00000|6824.00000|13850042|2|1|0|1|0|||0|0
SpecialRect_H_165|16|1767378840|1767381720|6850.00000|6848.00000|3329434|1|0|0|1|0|||0|0
SpecialRect_H_172|16|1767378122|1767381002|6848.00000|6846.00000|3329434|1|0|0|1|0|||0|0
SpecialRect_H_184|16|1767377701|1767380581|6848.00000|6846.00000|3329434|1|0|0|1|0|||0|0
SpecialRect_H_503|16|1767125220|1767128100|6906.00000|6904.00000|3329434|1|0|0|1|0|||0|0
SpecialRect_H_551|16|1767102420|1767105300|6906.00000|6904.00000|3329434|1|0|0|1|0|||0|0
SpecialRect_H_568|16|1767072720|1767075600|6908.00000|6906.00000|3329434|1|0|0|1|0|||0|0
SpecialRect_H_621|16|1767029400|1767032280|6910.00000|6908.00000|3329434|1|0|0|1|0|||0|0
SpecialRect_H_63|16|1767391380|1767394260|6862.00000|6860.00000|3329434|1|0|0|1|0|||0|0
SpecialRect_H_730|16|1766770140|1766773020|6936.00000|6934.00000|3329434|1|0|0|1|0|||0|0
SpecialRect_L_178|16|1767377882|1767380762|6840.00000|6838.00000|12695295|1|0|0|1|0|||0|0
SpecialRect_L_370|16|1767221940|1767224820|6848.00000|6846.00000|12695295|1|0|0|1|0|||0|0
SpecialRect_L_469|16|1767177240|1767180120|6878.00000|6876.00000|12695295|1|0|0|1|0|||0|0
SpecialRect_L_786|16|1766606401|1766609281|6928.00000|6926.00000|12695295|1|0|0|1|0|||0|0
TargetLine_B_102|2|1767386460|1767387060|6840.00000|6840.00000|3329330|1|2|0|1|0|||0|0
TargetLine_B_106|2|1767386160|1767386760|6840.00000|6840.00000|3329330|1|2|0|1|0|||0|0
TargetLine_B_11|2|1767597420|1767598020|6874.00000|6874.00000|3329330|1|2|0|1|0|||0|0
TargetLine_B_114|2|1767384900|1767385500|6840.00000|6840.00000|3329330|1|2|0|1|0|||0|0
TargetLine_B_118|2|1767383880|1767384480|6844.00000|6844.00000|3329330|1|2|0|1|0|||0|0
TargetLine_B_120|2|1767383340|1767383940|6844.00000|6844.00000|3329330|1|2|0|1|0|||0|0
TargetLine_B_125|2|1767382860|1767383460|6850.00000|6850.00000|3329330|1|2|0|1|0|||0|0
TargetLine_B_13|2|1767591900|1767592500|6874.00000|6874.00000|3329330|1|2|0|1|0|||0|0
TargetLine_B_132|2|1767382020|1767382620|6852.00000|6852.00000|3329330|1|2|0|1|0|||0|0
TargetLine_B_141|2|1767380880|1767381480|6842.00000|6842.00000|3329330|1|2|0|1|0|||0|0
TargetLine_B_144|2|1767380580|1767381180|6840.00000|6840.00000|3329330|1|2|0|1|0|||0|0
TargetLine_B_148|2|1767379920|1767380520|6836.00000|6836.00000|3329330|1|2|0|1|0|||0|0
TargetLine_B_15|2|1767585000|1767585600|6874.00000|6874.00000|3329330|1|2|0|1|0|||0|0
TargetLine_B_156|2|1767379320|1767379920|6848.00000|6848.00000|3329330|1|2|0|1|0|||0|0
TargetLine_B_161|2|1767379020|1767379620|6854.00000|6854.00000|3329330|1|2|0|1|0|||0|0
TargetLine_B_163|2|1767378900|1767379500|6854.00000|6854.00000|3329330|1|2|0|1|0|||0|0
TargetLine_B_167|2|1767378600|1767379200|6850.00000|6850.00000|3329330|1|2|0|1|0|||0|0
TargetLine_B_170|2|1767378300|1767378900|6852.00000|6852.00000|3329330|1|2|0|1|0|||0|0
TargetLine_B_175|2|1767378060|1767378660|6846.00000|6846.00000|3329330|1|2|0|1|0|||0|0
TargetLine_B_177|2|1767377940|1767378540|6846.00000|6846.00000|3329330|1|2|0|1|0|||0|0
TargetLine_B_182|2|1767377760|1767378360|6852.00000|6852.00000|3329330|1|2|0|1|0|||0|0
TargetLine_B_19|2|1767580681|1767581281|6870.00000|6870.00000|3329330|1|2|0|1|0|||0|0
TargetLine_B_191|2|1767377520|1767378120|6838.00000|6838.00000|3329330|1|2|0|1|0|||0|0
TargetLine_B_200|2|1767377101|1767377701|6840.00000|6840.00000|3329330|1|2|0|1|0|||0|0
TargetLine_B_203|2|1767376860|1767377460|6842.00000|6842.00000|3329330|1|2|0|1|0|||0|0
TargetLine_B_206|2|1767376742|1767377342|6844.00000|6844.00000|3329330|1|2|0|1|0|||0|0
TargetLine_B_221|2|1767376321|1767376921|6854.00000|6854.00000|3329330|1|2|0|1|0|||0|0
TargetLine_B_23|2|1767579240|1767579840|6870.00000|6870.00000|3329330|1|2|0|1|0|||0|0
TargetLine_B_232|2|1767376020|1767376620|6872.00000|6872.00000|3329330|1|2|0|1|0|||0|0
TargetLine_B_240|2|1767375482|1767376082|6864.00000|6864.00000|3329330|1|2|0|1|0|||0|0
TargetLine_B_251|2|1767375000|1767375600|6854.00000|6854.00000|3329330|1|2|0|1|0|||0|0
TargetLine_B_254|2|1767374880|1767375480|6852.00000|6852.00000|3329330|1|2|0|1|0|||0|0
TargetLine_B_256|2|1767374820|1767375420|6852.00000|6852.00000|3329330|1|2|0|1|0|||0|0
TargetLine_B_259|2|1767374701|1767375301|6850.00000|6850.00000|3329330|1|2|0|1|0|||0|0
TargetLine_B_26|2|1767577500|1767578100|6868.00000|6868.00000|3329330|1|2|0|1|0|||0|0
TargetLine_B_272|2|1767374160|1767374760|6872.00000|6872.00000|3329330|1|2|0|1|0|||0|0
TargetLine_B_289|2|1767372780|1767373380|6894.00000|6894.00000|3329330|1|2|0|1|0|||0|0
TargetLine_B_294|2|1767372540|1767373140|6892.00000|6892.00000|3329330|1|2|0|1|0|||0|0
TargetLine_B_304|2|1767372000|1767372600|6876.00000|6876.00000|3329330|1|2|0|1|0|||0|0
TargetLine_B_31|2|1767575580|1767576180|6866.00000|6866.00000|3329330|1|2|0|1|0|||0|0
TargetLine_B_310|2|1767371701|1767372301|6876.00000|6876.00000|3329330|1|2|0|1|0|||0|0
TargetLine_B_313|2|1767371581|1767372181|6878.00000|6878.00000|3329330|1|2|0|1|0|||0|0
TargetLine_B_320|2|1767371402|1767372002|6888.00000|6888.00000|3329330|1|2|0|1|0|||0|0
TargetLine_B_324|2|1767370800|1767371400|6888.00000|6888.00000|3329330|1|2|0|1|0|||0|0
TargetLine_B_331|2|1767357180|1767357780|6894.00000|6894.00000|3329330|1|2|0|1|0|||0|0
TargetLine_B_338|2|1767349800|1767350400|6888.00000|6888.00000|3329330|1|2|0|1|0|||0|0
TargetLine_B_340|2|1767349500|1767350100|6888.00000|6888.00000|3329330|1|2|0|1|0|||0|0
TargetLine_B_344|2|1767345180|1767345780|6884.00000|6884.00000|3329330|1|2|0|1|0|||0|0
TargetLine_B_357|2|1767319680|1767320280|6862.00000|6862.00000|3329330|1|2|0|1|0|||0|0
TargetLine_B_360|2|1767315660|1767316260|6860.00000|6860.00000|3329330|1|2|0|1|0|||0|0
TargetLine_B_364|2|1767223440|1767224040|6856.00000|6856.00000|3329330|1|2|0|1|0|||0|0
TargetLine_B_367|2|1767222120|1767222720|6854.00000|6854.00000|3329330|1|2|0|1|0|||0|0
TargetLine_B_369|2|1767221941|1767222541|6854.00000|6854.00000|3329330|1|2|0|1|0|||0|0
TargetLine_B_374|2|1767221760|1767222360|6860.00000|6860.00000|3329330|1|2|0|1|0|||0|0
TargetLine_B_376|2|1767221700|1767222300|6860.00000|6860.00000|3329330|1|2|0|1|0|||0|0
TargetLine_B_384|2|1767220140|1767220740|6860.00000|6860.00000|3329330|1|2|0|1|0|||0|0
TargetLine_B_388|2|1767219060|1767219660|6864.00000|6864.00000|3329330|1|2|0|1|0|||0|0
TargetLine_B_39|2|1767397920|1767398520|6862.00000|6862.00000|3329330|1|2|0|1|0|||0|0
TargetLine_B_398|2|1767216841|1767217441|6876.00000|6876.00000|3329330|1|2|0|1|0|||0|0
TargetLine_B_413|2|1767210900|1767211500|6882.00000|6882.00000|3329330|1|2|0|1|0|||0|0
TargetLine_B_417|2|1767208140|1767208740|6882.00000|6882.00000|3329330|1|2|0|1|0|||0|0
TargetLine_B_424|2|1767203701|1767204301|6876.00000|6876.00000|3329330|1|2|0|1|0|||0|0
TargetLine_B_432|2|1767201480|1767202080|6884.00000|6884.00000|3329330|1|2|0|1|0|||0|0
TargetLine_B_442|2|1767199560|1767200160|6888.00000|6888.00000|3329330|1|2|0|1|0|||0|0
TargetLine_B_46|2|1767394560|1767395160|6856.00000|6856.00000|3329330|1|2|0|1|0|||0|0
TargetLine_B_466|2|1767182640|1767183240|6884.00000|6884.00000|3329330|1|2|0|1|0|||0|0
TargetLine_B_468|2|1767177600|1767178200|6884.00000|6884.00000|3329330|1|2|0|1|0|||0|0
TargetLine_B_472|2|1767172260|1767172860|6888.00000|6888.00000|3329330|1|2|0|1|0|||0|0
TargetLine_B_479|2|1767150001|1767150601|6890.00000|6890.00000|3329330|1|2|0|1|0|||0|0
TargetLine_B_488|2|1767135541|1767136141|6904.00000|6904.00000|3329330|1|2|0|1|0|||0|0
TargetLine_B_495|2|1767132720|1767133320|6906.00000|6906.00000|3329330|1|2|0|1|0|||0|0
TargetLine_B_499|2|1767128700|1767129300|6910.00000|6910.00000|3329330|1|2|0|1|0|||0|0
TargetLine_B_5|2|1767604981|1767605581|6874.00000|6874.00000|3329330|1|2|0|1|0|||0|0
TargetLine_B_501|2|1767127260|1767127860|6910.00000|6910.00000|3329330|1|2|0|1|0|||0|0
TargetLine_B_504|2|1767124860|1767125460|6908.00000|6908.00000|3329330|1|2|0|1|0|||0|0
TargetLine_B_506|2|1767123900|1767124500|6908.00000|6908.00000|3329330|1|2|0|1|0|||0|0
TargetLine_B_51|2|1767394080|1767394680|6854.00000|6854.00000|3329330|1|2|0|1|0|||0|0
TargetLine_B_510|2|1767122160|1767122760|6904.00000|6904.00000|3329330|1|2|0|1|0|||0|0
TargetLine_B_525|2|1767116100|1767116700|6902.00000|6902.00000|3329330|1|2|0|1|0|||0|0
TargetLine_B_528|2|1767114780|1767115380|6904.00000|6904.00000|3329330|1|2|0|1|0|||0|0
TargetLine_B_542|2|1767113160|1767113760|6904.00000|6904.00000|3329330|1|2|0|1|0|||0|0
TargetLine_B_546|2|1767109080|1767109680|6908.00000|6908.00000|3329330|1|2|0|1|0|||0|0
TargetLine_B_549|2|1767105300|1767105900|6910.00000|6910.00000|3329330|1|2|0|1|0|||0|0
TargetLine_B_552|2|1767101040|1767101640|6908.00000|6908.00000|3329330|1|2|0|1|0|||0|0
TargetLine_B_560|2|1767087120|1767087720|6904.00000|6904.00000|3329330|1|2|0|1|0|||0|0
TargetLine_B_566|2|1767080100|1767080700|6912.00000|6912.00000|3329330|1|2|0|1|0|||0|0
TargetLine_B_569|2|1767063480|1767064080|6910.00000|6910.00000|3329330|1|2|0|1|0|||0|0
TargetLine_B_572|2|1767049140|1767049740|6912.00000|6912.00000|3329330|1|2|0|1|0|||0|0
TargetLine_B_574|2|1767049020|1767049620|6912.00000|6912.00000|3329330|1|2|0|1|0|||0|0
TargetLine_B_58|2|1767392760|1767393360|6864.00000|6864.00000|3329330|1|2|0|1|0|||0|0
TargetLine_B_585|2|1767042120|1767042720|6906.00000|6906.00000|3329330|1|2|0|1|0|||0|0
TargetLine_B_596|2|1767036480|1767037080|6896.00000|6896.00000|3329330|1|2|0|1|0|||0|0
TargetLine_B_603|2|1767033660|1767034260|6902.00000|6902.00000|3329330|1|2|0|1|0|||0|0
TargetLine_B_607|2|1767032160|1767032760|6906.00000|6906.00000|3329330|1|2|0|1|0|||0|0
TargetLine_B_609|2|1767031620|1767032220|6906.00000|6906.00000|3329330|1|2|0|1|0|||0|0
TargetLine_B_61|2|1767392040|1767392640|6866.00000|6866.00000|3329330|1|2|0|1|0|||0|0
TargetLine_B_613|2|1767030660|1767031260|6906.00000|6906.00000|3329330|1|2|0|1|0|||0|0
TargetLine_B_619|2|1767029880|1767030480|6914.00000|6914.00000|3329330|1|2|0|1|0|||0|0
TargetLine_B_626|2|1767028200|1767028800|6904.00000|6904.00000|3329330|1|2|0|1|0|||0|0
TargetLine_B_632|2|1767027060|1767027660|6912.00000|6912.00000|3329330|1|2|0|1|0|||0|0
TargetLine_B_634|2|1767026881|1767027481|6912.00000|6912.00000|3329330|1|2|0|1|0|||0|0
TargetLine_B_637|2|1767026701|1767027301|6914.00000|6914.00000|3329330|1|2|0|1|0|||0|0
TargetLine_B_64|2|1767391080|1767391680|6864.00000|6864.00000|3329330|1|2|0|1|0|||0|0
TargetLine_B_650|2|1767025800|1767026400|6908.00000|6908.00000|3329330|1|2|0|1|0|||0|0
TargetLine_B_655|2|1767025080|1767025680|6902.00000|6902.00000|3329330|1|2|0|1|0|||0|0
TargetLine_B_661|2|1767023400|1767024000|6906.00000|6906.00000|3329330|1|2|0|1|0|||0|0
TargetLine_B_669|2|1767019380|1767019980|6918.00000|6918.00000|3329330|1|2|0|1|0|||0|0
TargetLine_B_674|2|1767014340|1767014940|6920.00000|6920.00000|3329330|1|2|0|1|0|||0|0
TargetLine_B_678|2|1767008820|1767009420|6920.00000|6920.00000|3329330|1|2|0|1|0|||0|0
TargetLine_B_681|2|1767005700|1767006300|6918.00000|6918.00000|3329330|1|2|0|1|0|||0|0
TargetLine_B_688|2|1766999280|1766999880|6928.00000|6928.00000|3329330|1|2|0|1|0|||0|0
TargetLine_B_692|2|1766992200|1766992800|6932.00000|6932.00000|3329330|1|2|0|1|0|||0|0
TargetLine_B_695|2|1766980560|1766981160|6934.00000|6934.00000|3329330|1|2|0|1|0|||0|0
TargetLine_B_701|2|1766973600|1766974200|6938.00000|6938.00000|3329330|1|2|0|1|0|||0|0
TargetLine_B_703|2|1766970360|1766970960|6938.00000|6938.00000|3329330|1|2|0|1|0|||0|0
TargetLine_B_706|2|1766784300|1766784900|6936.00000|6936.00000|3329330|1|2|0|1|0|||0|0
TargetLine_B_711|2|1766780580|1766781180|6930.00000|6930.00000|3329330|1|2|0|1|0|||0|0
TargetLine_B_714|2|1766777760|1766778360|6932.00000|6932.00000|3329330|1|2|0|1|0|||0|0
TargetLine_B_718|2|1766776200|1766776800|6932.00000|6932.00000|3329330|1|2|0|1|0|||0|0
TargetLine_B_72|2|1767389280|1767389880|6860.00000|6860.00000|3329330|1|2|0|1|0|||0|0
TargetLine_B_721|2|1766772900|1766773500|6934.00000|6934.00000|3329330|1|2|0|1|0|||0|0
TargetLine_B_726|2|1766770980|1766771580|6940.00000|6940.00000|3329330|1|2|0|1|0|||0|0
TargetLine_B_728|2|1766770380|1766770980|6940.00000|6940.00000|3329330|1|2|0|1|0|||0|0
TargetLine_B_731|2|1766769900|1766770500|6938.00000|6938.00000|3329330|1|2|0|1|0|||0|0
TargetLine_B_736|2|1766769300|1766769900|6932.00000|6932.00000|3329330|1|2|0|1|0|||0|0
TargetLine_B_741|2|1766768520|1766769120|6934.00000|6934.00000|3329330|1|2|0|1|0|||0|0
TargetLine_B_748|2|1766767861|1766768461|6940.00000|6940.00000|3329330|1|2|0|1|0|||0|0
TargetLine_B_759|2|1766766661|1766767261|6938.00000|6938.00000|3329330|1|2|0|1|0|||0|0
TargetLine_B_765|2|1766756760|1766757360|6934.00000|6934.00000|3329330|1|2|0|1|0|||0|0
TargetLine_B_769|2|1766740680|1766741280|6934.00000|6934.00000|3329330|1|2|0|1|0|||0|0
TargetLine_B_77|2|1767388740|1767389340|6854.00000|6854.00000|3329330|1|2|0|1|0|||0|0
TargetLine_B_776|2|1766712060|1766712660|6940.00000|6940.00000|3329330|1|2|0|1|0|||0|0
TargetLine_B_783|2|1766607180|1766607780|6934.00000|6934.00000|3329330|1|2|0|1|0|||0|0
TargetLine_B_785|2|1766606820|1766607420|6934.00000|6934.00000|3329330|1|2|0|1|0|||0|0
TargetLine_B_789|2|1766606100|1766606700|6938.00000|6938.00000|3329330|1|2|0|1|0|||0|0
TargetLine_B_805|2|1766593800|1766594400|6914.00000|6914.00000|3329330|1|2|0|1|0|||0|0
TargetLine_B_809|2|1766559240|1766559840|6910.00000|6910.00000|3329330|1|2|0|1|0|||0|0
TargetLine_B_830|2|1766509920|1766510520|6880.00000|6880.00000|3329330|1|2|0|1|0|||0|0
TargetLine_B_834|2|1766509500|1766510100|6880.00000|6880.00000|3329330|1|2|0|1|0|||0|0
TargetLine_B_849|2|1766507581|1766508181|6882.00000|6882.00000|3329330|1|2|0|1|0|||0|0
TargetLine_B_861|2|1766505480|1766506080|6870.00000|6870.00000|3329330|1|2|0|1|0|||0|0
TargetLine_B_875|2|1766478420|1766479020|6878.00000|6878.00000|3329330|1|2|0|1|0|||0|0
TargetLine_B_88|2|1767387720|1767388320|6836.00000|6836.00000|3329330|1|2|0|1|0|||0|0
TargetLine_B_882|2|1766460840|1766461440|6884.00000|6884.00000|3329330|1|2|0|1|0|||0|0
TargetLine_B_9|2|1767601740|1767602340|6874.00000|6874.00000|3329330|1|2|0|1|0|||0|0
TargetLine_B_91|2|1767387420|1767388020|6834.00000|6834.00000|3329330|1|2|0|1|0|||0|0
TargetLine_B_94|2|1767387000|1767387600|6832.00000|6832.00000|3329330|1|2|0|1|0|||0|0
TargetLine_S_10|2|1767599760|1767600360|6862.00000|6862.00000|255|1|2|0|1|0|||0|0
TargetLine_S_100|2|1767386700|1767387300|6830.00000|6830.00000|255|1|2|0|1|0|||0|0
TargetLine_S_104|2|1767386340|1767386940|6830.00000|6830.00000|255|1|2|0|1|0|||0|0
TargetLine_S_110|2|1767385261|1767385861|6834.00000|6834.00000|255|1|2|0|1|0|||0|0
TargetLine_S_117|2|1767384180|1767384780|6832.00000|6832.00000|255|1|2|0|1|0|||0|0
TargetLine_S_119|2|1767383700|1767384300|6832.00000|6832.00000|255|1|2|0|1|0|||0|0
TargetLine_S_12|2|1767595560|1767596160|6862.00000|6862.00000|255|1|2|0|1|0|||0|0
TargetLine_S_124|2|1767382920|1767383520|6838.00000|6838.00000|255|1|2|0|1|0|||0|0
TargetLine_S_129|2|1767382201|1767382801|6844.00000|6844.00000|255|1|2|0|1|0|||0|0
TargetLine_S_134|2|1767381540|1767382140|6842.00000|6842.00000|255|1|2|0|1|0|||0|0
TargetLine_S_14|2|1767585720|1767586320|6862.00000|6862.00000|255|1|2|0|1|0|||0|0
TargetLine_S_142|2|1767380701|1767381301|6830.00000|6830.00000|255|1|2|0|1|0|||0|0
TargetLine_S_145|2|1767380341|1767380941|6828.00000|6828.00000|255|1|2|0|1|0|||0|0
TargetLine_S_155|2|1767379380|1767379980|6836.00000|6836.00000|255|1|2|0|1|0|||0|0
TargetLine_S_16|2|1767584280|1767584880|6862.00000|6862.00000|255|1|2|0|1|0|||0|0
TargetLine_S_160|2|1767379021|1767379621|6842.00000|6842.00000|255|1|2|0|1|0|||0|0
TargetLine_S_162|2|1767378960|1767379560|6842.00000|6842.00000|255|1|2|0|1|0|||0|0
TargetLine_S_164|2|1767378841|1767379441|6842.00000|6842.00000|255|1|2|0|1|0|||0|0
TargetLine_S_169|2|1767378420|1767379020|6840.00000|6840.00000|255|1|2|0|1|0|||0|0
TargetLine_S_171|2|1767378180|1767378780|6840.00000|6840.00000|255|1|2|0|1|0|||0|0
TargetLine_S_176|2|1767378000|1767378600|6834.00000|6834.00000|255|1|2|0|1|0|||0|0
TargetLine_S_181|2|1767377820|1767378420|6840.00000|6840.00000|255|1|2|0|1|0|||0|0
TargetLine_S_183|2|1767377702|1767378302|6840.00000|6840.00000|255|1|2|0|1|0|||0|0
TargetLine_S_196|2|1767377460|1767378060|6834.00000|6834.00000|255|1|2|0|1|0|||0|0
TargetLine_S_202|2|1767376920|1767377520|6830.00000|6830.00000|255|1|2|0|1|0|||0|0
TargetLine_S_205|2|1767376800|1767377400|6832.00000|6832.00000|255|1|2|0|1|0|||0|0
TargetLine_S_21|2|1767579540|1767580140|6860.00000|6860.00000|255|1|2|0|1|0|||0|0
TargetLine_S_216|2|1767376501|1767377101|6850.00000|6850.00000|255|1|2|0|1|0|||0|0
TargetLine_S_231|2|1767376080|1767376680|6860.00000|6860.00000|255|1|2|0|1|0|||0|0
TargetLine_S_234|2|1767375722|1767376322|6862.00000|6862.00000|255|1|2|0|1|0|||0|0
TargetLine_S_24|2|1767578400|1767579000|6858.00000|6858.00000|255|1|2|0|1|0|||0|0
TargetLine_S_243|2|1767375360|1767375960|6856.00000|6856.00000|255|1|2|0|1|0|||0|0
TargetLine_S_252|2|1767374941|1767375541|6842.00000|6842.00000|255|1|2|0|1|0|||0|0
TargetLine_S_255|2|1767374821|1767375421|6840.00000|6840.00000|255|1|2|0|1|0|||0|0
TargetLine_S_257|2|1767374761|1767375361|6840.00000|6840.00000|255|1|2|0|1|0|||0|0
TargetLine_S_271|2|1767374220|1767374820|6860.00000|6860.00000|255|1|2|0|1|0|||0|0
TargetLine_S_28|2|1767576120|1767576720|6858.00000|6858.00000|255|1|2|0|1|0|||0|0
TargetLine_S_286|2|1767373260|1767373860|6886.00000|6886.00000|255|1|2|0|1|0|||0|0
TargetLine_S_291|2|1767372602|1767373202|6884.00000|6884.00000|255|1|2|0|1|0|||0|0
TargetLine_S_295|2|1767372481|1767373081|6880.00000|6880.00000|255|1|2|0|1|0|||0|0
TargetLine_S_307|2|1767371762|1767372362|6868.00000|6868.00000|255|1|2|0|1|0|||0|0
TargetLine_S_312|2|1767371640|1767372240|6866.00000|6866.00000|255|1|2|0|1|0|||0|0
TargetLine_S_319|2|1767371460|1767372060|6876.00000|6876.00000|255|1|2|0|1|0|||0|0
TargetLine_S_322|2|1767371400|1767372000|6878.00000|6878.00000|255|1|2|0|1|0|||0|0
TargetLine_S_329|2|1767358920|1767359520|6884.00000|6884.00000|255|1|2|0|1|0|||0|0
TargetLine_S_333|2|1767355080|1767355680|6884.00000|6884.00000|255|1|2|0|1|0|||0|0
TargetLine_S_339|2|1767349680|1767350280|6876.00000|6876.00000|255|1|2|0|1|0|||0|0
TargetLine_S_34|2|1767574804|1767575404|6858.00000|6858.00000|255|1|2|0|1|0|||0|0
TargetLine_S_341|2|1767349200|1767349800|6876.00000|6876.00000|255|1|2|0|1|0|||0|0
TargetLine_S_345|2|1767341340|1767341940|6872.00000|6872.00000|255|1|2|0|1|0|||0|0
TargetLine_S_358|2|1767317160|1767317760|6850.00000|6850.00000|255|1|2|0|1|0|||0|0
TargetLine_S_361|2|1767315602|1767316202|6848.00000|6848.00000|255|1|2|0|1|0|||0|0
TargetLine_S_365|2|1767222840|1767223440|6844.00000|6844.00000|255|1|2|0|1|0|||0|0
TargetLine_S_368|2|1767222000|1767222600|6842.00000|6842.00000|255|1|2|0|1|0|||0|0
TargetLine_S_373|2|1767221761|1767222361|6848.00000|6848.00000|255|1|2|0|1|0|||0|0
TargetLine_S_375|2|1767221701|1767222301|6848.00000|6848.00000|255|1|2|0|1|0|||0|0
TargetLine_S_380|2|1767220560|1767221160|6854.00000|6854.00000|255|1|2|0|1|0|||0|0
TargetLine_S_387|2|1767219360|1767219960|6852.00000|6852.00000|255|1|2|0|1|0|||0|0
TargetLine_S_396|2|1767217020|1767217620|6866.00000|6866.00000|255|1|2|0|1|0|||0|0
TargetLine_S_407|2|1767214920|1767215520|6880.00000|6880.00000|255|1|2|0|1|0|||0|0
TargetLine_S_41|2|1767394800|1767395400|6852.00000|6852.00000|255|1|2|0|1|0|||0|0
TargetLine_S_415|2|1767209820|1767210420|6872.00000|6872.00000|255|1|2|0|1|0|||0|0
TargetLine_S_419|2|1767207360|1767207960|6872.00000|6872.00000|255|1|2|0|1|0|||0|0
TargetLine_S_430|2|1767201960|1767202560|6874.00000|6874.00000|255|1|2|0|1|0|||0|0
TargetLine_S_438|2|1767200100|1767200700|6882.00000|6882.00000|255|1|2|0|1|0|||0|0
TargetLine_S_453|2|1767196380|1767196980|6896.00000|6896.00000|255|1|2|0|1|0|||0|0
TargetLine_S_467|2|1767178860|1767179460|6872.00000|6872.00000|255|1|2|0|1|0|||0|0
TargetLine_S_471|2|1767173160|1767173760|6876.00000|6876.00000|255|1|2|0|1|0|||0|0
TargetLine_S_476|2|1767155460|1767156060|6882.00000|6882.00000|255|1|2|0|1|0|||0|0
TargetLine_S_48|2|1767394202|1767394802|6846.00000|6846.00000|255|1|2|0|1|0|||0|0
TargetLine_S_487|2|1767142800|1767143400|6892.00000|6892.00000|255|1|2|0|1|0|||0|0
TargetLine_S_492|2|1767134460|1767135060|6898.00000|6898.00000|255|1|2|0|1|0|||0|0
TargetLine_S_498|2|1767129240|1767129840|6898.00000|6898.00000|255|1|2|0|1|0|||0|0
TargetLine_S_500|2|1767127560|1767128160|6898.00000|6898.00000|255|1|2|0|1|0|||0|0
TargetLine_S_502|2|1767126600|1767127200|6898.00000|6898.00000|255|1|2|0|1|0|||0|0
TargetLine_S_505|2|1767124380|1767124980|6896.00000|6896.00000|255|1|2|0|1|0|||0|0
TargetLine_S_507|2|1767123240|1767123840|6896.00000|6896.00000|255|1|2|0|1|0|||0|0
TargetLine_S_517|2|1767118860|1767119460|6904.00000|6904.00000|255|1|2|0|1|0|||0|0
TargetLine_S_527|2|1767115380|1767115980|6892.00000|6892.00000|255|1|2|0|1|0|||0|0
TargetLine_S_535|2|1767113761|1767114361|6904.00000|6904.00000|255|1|2|0|1|0|||0|0
TargetLine_S_545|2|1767110340|1767110940|6896.00000|6896.00000|255|1|2|0|1|0|||0|0
TargetLine_S_548|2|1767105660|1767106260|6898.00000|6898.00000|255|1|2|0|1|0|||0|0
TargetLine_S_550|2|1767103380|1767103980|6898.00000|6898.00000|255|1|2|0|1|0|||0|0
TargetLine_S_555|2|1767092700|1767093300|6900.00000|6900.00000|255|1|2|0|1|0|||0|0
TargetLine_S_565|2|1767080940|1767081540|6900.00000|6900.00000|255|1|2|0|1|0|||0|0
TargetLine_S_567|2|1767075180|1767075780|6900.00000|6900.00000|255|1|2|0|1|0|||0|0
TargetLine_S_57|2|1767392880|1767393480|6852.00000|6852.00000|255|1|2|0|1|0|||0|0
TargetLine_S_571|2|1767050280|1767050880|6900.00000|6900.00000|255|1|2|0|1|0|||0|0
TargetLine_S_573|2|1767049080|1767049680|6900.00000|6900.00000|255|1|2|0|1|0|||0|0
TargetLine_S_578|2|1767046500|1767047100|6906.00000|6906.00000|255|1|2|0|1|0|||0|0
TargetLine_S_588|2|1767040620|1767041220|6898.00000|6898.00000|255|1|2|0|1|0|||0|0
TargetLine_S_60|2|1767392340|1767392940|6854.00000|6854.00000|255|1|2|0|1|0|||0|0
TargetLine_S_601|2|1767034440|1767035040|6892.00000|6892.00000|255|1|2|0|1|0|||0|0
TargetLine_S_606|2|1767033180|1767033780|6894.00000|6894.00000|255|1|2|0|1|0|||0|0
TargetLine_S_608|2|1767031920|1767032520|6894.00000|6894.00000|255|1|2|0|1|0|||0|0
TargetLine_S_611|2|1767031080|1767031680|6896.00000|6896.00000|255|1|2|0|1|0|||0|0
TargetLine_S_618|2|1767030240|1767030840|6902.00000|6902.00000|255|1|2|0|1|0|||0|0
TargetLine_S_62|2|1767391920|1767392520|6854.00000|6854.00000|255|1|2|0|1|0|||0|0
TargetLine_S_620|2|1767029700|1767030300|6902.00000|6902.00000|255|1|2|0|1|0|||0|0
TargetLine_S_631|2|1767027240|1767027840|6900.00000|6900.00000|255|1|2|0|1|0|||0|0
TargetLine_S_633|2|1767027000|1767027600|6900.00000|6900.00000|255|1|2|0|1|0|||0|0
TargetLine_S_636|2|1767026820|1767027420|6902.00000|6902.00000|255|1|2|0|1|0|||0|0
TargetLine_S_642|2|1767026220|1767026820|6910.00000|6910.00000|255|1|2|0|1|0|||0|0
TargetLine_S_651|2|1767025741|1767026341|6896.00000|6896.00000|255|1|2|0|1|0|||0|0
TargetLine_S_659|2|1767023820|1767024420|6896.00000|6896.00000|255|1|2|0|1|0|||0|0
TargetLine_S_668|2|1767020580|1767021180|6906.00000|6906.00000|255|1|2|0|1|0|||0|0
TargetLine_S_67|2|1767390000|1767390600|6856.00000|6856.00000|255|1|2|0|1|0|||0|0
TargetLine_S_672|2|1767015840|1767016440|6910.00000|6910.00000|255|1|2|0|1|0|||0|0
TargetLine_S_676|2|1767010500|1767011100|6910.00000|6910.00000|255|1|2|0|1|0|||0|0
TargetLine_S_679|2|1767006960|1767007560|6908.00000|6908.00000|255|1|2|0|1|0|||0|0
TargetLine_S_687|2|1767000600|1767001200|6916.00000|6916.00000|255|1|2|0|1|0|||0|0
TargetLine_S_691|2|1766996580|1766997180|6920.00000|6920.00000|255|1|2|0|1|0|||0|0
TargetLine_S_694|2|1766989020|1766989620|6922.00000|6922.00000|255|1|2|0|1|0|||0|0
TargetLine_S_699|2|1766977080|1766977680|6928.00000|6928.00000|255|1|2|0|1|0|||0|0
TargetLine_S_7|2|1767603060|1767603660|6864.00000|6864.00000|255|1|2|0|1|0|||0|0
TargetLine_S_702|2|1766972460|1766973060|6926.00000|6926.00000|255|1|2|0|1|0|||0|0
TargetLine_S_704|2|1766970000|1766970600|6926.00000|6926.00000|255|1|2|0|1|0|||0|0
TargetLine_S_707|2|1766783040|1766783640|6924.00000|6924.00000|255|1|2|0|1|0|||0|0
TargetLine_S_713|2|1766779440|1766780040|6920.00000|6920.00000|255|1|2|0|1|0|||0|0
TargetLine_S_716|2|1766777400|1766778000|6922.00000|6922.00000|255|1|2|0|1|0|||0|0
TargetLine_S_720|2|1766773200|1766773800|6922.00000|6922.00000|255|1|2|0|1|0|||0|0
TargetLine_S_725|2|1766771880|1766772480|6928.00000|6928.00000|255|1|2|0|1|0|||0|0
TargetLine_S_727|2|1766770500|1766771100|6928.00000|6928.00000|255|1|2|0|1|0|||0|0
TargetLine_S_729|2|1766770260|1766770860|6928.00000|6928.00000|255|1|2|0|1|0|||0|0
TargetLine_S_73|2|1767389100|1767389700|6848.00000|6848.00000|255|1|2|0|1|0|||0|0
TargetLine_S_732|2|1766769780|1766770380|6926.00000|6926.00000|255|1|2|0|1|0|||0|0
TargetLine_S_739|2|1766768760|1766769360|6924.00000|6924.00000|255|1|2|0|1|0|||0|0
TargetLine_S_746|2|1766767980|1766768580|6930.00000|6930.00000|255|1|2|0|1|0|||0|0
TargetLine_S_753|2|1766767560|1766768160|6936.00000|6936.00000|255|1|2|0|1|0|||0|0
TargetLine_S_761|2|1766766600|1766767200|6928.00000|6928.00000|255|1|2|0|1|0|||0|0
TargetLine_S_767|2|1766751600|1766752200|6924.00000|6924.00000|255|1|2|0|1|0|||0|0
TargetLine_S_774|2|1766715180|1766715780|6930.00000|6930.00000|255|1|2|0|1|0|||0|0
TargetLine_S_778|2|1766711640|1766712240|6930.00000|6930.00000|255|1|2|0|1|0|||0|0
TargetLine_S_78|2|1767388381|1767388981|6842.00000|6842.00000|255|1|2|0|1|0|||0|0
TargetLine_S_784|2|1766606880|1766607480|6922.00000|6922.00000|255|1|2|0|1|0|||0|0
TargetLine_S_788|2|1766606340|1766606940|6926.00000|6926.00000|255|1|2|0|1|0|||0|0
TargetLine_S_791|2|1766604660|1766605260|6928.00000|6928.00000|255|1|2|0|1|0|||0|0
TargetLine_S_806|2|1766590920|1766591520|6902.00000|6902.00000|255|1|2|0|1|0|||0|0
TargetLine_S_812|2|1766530620|1766531220|6902.00000|6902.00000|255|1|2|0|1|0|||0|0
TargetLine_S_832|2|1766509800|1766510400|6870.00000|6870.00000|255|1|2|0|1|0|||0|0
TargetLine_S_842|2|1766508480|1766509080|6882.00000|6882.00000|255|1|2|0|1|0|||0|0
TargetLine_S_852|2|1766507460|1766508060|6874.00000|6874.00000|255|1|2|0|1|0|||0|0
TargetLine_S_870|2|1766489400|1766490000|6874.00000|6874.00000|255|1|2|0|1|0|||0|0
TargetLine_S_880|2|1766463360|1766463960|6874.00000|6874.00000|255|1|2|0|1|0|||0|0
TargetLine_S_883|2|1766452200|1766452800|6872.00000|6872.00000|255|1|2|0|1|0|||0|0
TargetLine_S_89|2|1767387600|1767388200|6824.00000|6824.00000|255|1|2|0|1|0|||0|0
TargetLine_S_92|2|1767387241|1767387841|6822.00000|6822.00000|255|1|2|0|1|0|||0|0
ZZ_H_101|21|1767386640|0|6838.00000|0.00000|11119017|1|0|0|0|0|H||8|0|3|0|0|0
ZZ_H_105|21|1767386280|0|6838.00000|0.00000|11119017|1|0|0|0|0|H||8|0|3|0|0|0
ZZ_H_111|21|1767385260|0|6842.00000|0.00000|11119017|1|0|0|0|0|H||8|0|3|0|0|0
ZZ_H_130|21|1767382200|0|6852.00000|0.00000|11119017|1|0|0|0|0|H||8|0|3|0|0|0
ZZ_H_135|21|1767381181|0|6850.00000|0.00000|11119017|1|0|0|0|0|H||8|0|3|0|0|0
ZZ_H_165|21|1767378840|0|6850.00000|0.00000|11119017|1|0|0|0|0|H*||8|0|3|0|0|0
ZZ_H_172|21|1767378122|0|6848.00000|0.00000|11119017|1|0|0|0|0|H*||8|0|3|0|0|0
ZZ_H_184|21|1767377701|0|6848.00000|0.00000|11119017|1|0|0|0|0|H*||8|0|3|0|0|0
ZZ_H_197|21|1767377400|0|6842.00000|0.00000|11119017|1|0|0|0|0|H||8|0|3|0|0|0
ZZ_H_217|21|1767376500|0|6858.00000|0.00000|11119017|1|0|0|0|0|H||8|0|3|0|0|0
ZZ_H_22|21|1767579360|0|6868.00000|0.00000|11119017|1|0|0|0|0|H||8|0|3|0|0|0
ZZ_H_235|21|1767375721|0|6870.00000|0.00000|11119017|1|0|0|0|0|H||8|0|3|0|0|0
ZZ_H_244|21|1767375300|0|6864.00000|0.00000|11119017|1|0|0|0|0|H||8|0|3|0|0|0
ZZ_H_287|21|1767373201|0|6894.00000|0.00000|11119017|1|0|0|0|0|H||8|0|3|0|0|0
ZZ_H_29|21|1767576060|0|6866.00000|0.00000|11119017|1|0|0|0|0|H||8|0|3|0|0|0
ZZ_H_292|21|1767372601|0|6892.00000|0.00000|11119017|1|0|0|0|0|H||8|0|3|0|0|0
ZZ_H_308|21|1767371761|0|6876.00000|0.00000|11119017|1|0|0|0|0|H||8|0|3|0|0|0
ZZ_H_323|21|1767371220|0|6886.00000|0.00000|11119017|1|0|0|0|0|H||8|0|3|0|0|0
ZZ_H_330|21|1767358020|0|6892.00000|0.00000|11119017|1|0|0|0|0|H||8|0|3|0|0|0
ZZ_H_334|21|1767352080|0|6892.00000|0.00000|11119017|1|0|0|0|0|H||8|0|3|0|0|0
ZZ_H_35|21|1767574803|0|6866.00000|0.00000|11119017|1|0|0|0|0|H||8|0|3|0|0|0
ZZ_H_381|21|1767220321|0|6862.00000|0.00000|11119017|1|0|0|0|0|H||8|0|3|0|0|0
ZZ_H_397|21|1767216960|0|6874.00000|0.00000|11119017|1|0|0|0|0|H||8|0|3|0|0|0
ZZ_H_408|21|1767214080|0|6888.00000|0.00000|11119017|1|0|0|0|0|H||8|0|3|0|0|0
ZZ_H_416|21|1767208620|0|6880.00000|0.00000|11119017|1|0|0|0|0|H||8|0|3|0|0|0
ZZ_H_42|21|1767394742|0|6860.00000|0.00000|11119017|1|0|0|0|0|H||8|0|3|0|0|0
ZZ_H_420|21|1767206280|0|6880.00000|0.00000|11119017|1|0|0|0|0|H||8|0|3|0|0|0
ZZ_H_431|21|1767201780|0|6882.00000|0.00000|11119017|1|0|0|0|0|H||8|0|3|0|0|0
ZZ_H_439|21|1767199921|0|6890.00000|0.00000|11119017|1|0|0|0|0|H||8|0|3|0|0|0
ZZ_H_454|21|1767196260|0|6904.00000|0.00000|11119017|1|0|0|0|0|H||8|0|3|0|0|0
ZZ_H_477|21|1767150780|0|6890.00000|0.00000|11119017|1|0|0|0|0|H||8|0|3|0|0|0
ZZ_H_49|21|1767394201|0|6854.00000|0.00000|11119017|1|0|0|0|0|H||8|0|3|0|0|0
ZZ_H_493|21|1767133500|0|6906.00000|0.00000|11119017|1|0|0|0|0|H||8|0|3|0|0|0
ZZ_H_503|21|1767125220|0|6906.00000|0.00000|11119017|1|0|0|0|0|H*||8|0|3|0|0|0
ZZ_H_518|21|1767118800|0|6912.00000|0.00000|11119017|1|0|0|0|0|H||8|0|3|0|0|0
ZZ_H_536|21|1767113760|0|6912.00000|0.00000|11119017|1|0|0|0|0|H||8|0|3|0|0|0
ZZ_H_551|21|1767102420|0|6906.00000|0.00000|11119017|1|0|0|0|0|H*||8|0|3|0|0|0
ZZ_H_556|21|1767091500|0|6908.00000|0.00000|11119017|1|0|0|0|0|H||8|0|3|0|0|0
ZZ_H_568|21|1767072720|0|6908.00000|0.00000|11119017|1|0|0|0|0|H*||8|0|3|0|0|0
ZZ_H_579|21|1767045300|0|6914.00000|0.00000|11119017|1|0|0|0|0|H||8|0|3|0|0|0
ZZ_H_589|21|1767040500|0|6906.00000|0.00000|11119017|1|0|0|0|0|H||8|0|3|0|0|0
ZZ_H_602|21|1767033960|0|6900.00000|0.00000|11119017|1|0|0|0|0|H||8|0|3|0|0|0
ZZ_H_612|21|1767030900|0|6904.00000|0.00000|11119017|1|0|0|0|0|H||8|0|3|0|0|0
ZZ_H_621|21|1767029400|0|6910.00000|0.00000|11119017|1|0|0|0|0|H*||8|0|3|0|0|0
ZZ_H_63|21|1767391380|0|6862.00000|0.00000|11119017|1|0|0|0|0|H*||8|0|3|0|0|0
ZZ_H_643|21|1767026163|0|6918.00000|0.00000|11119017|1|0|0|0|0|H||8|0|3|0|0|0
ZZ_H_660|21|1767023580|0|6904.00000|0.00000|11119017|1|0|0|0|0|H||8|0|3|0|0|0
ZZ_H_673|21|1767015480|0|6918.00000|0.00000|11119017|1|0|0|0|0|H||8|0|3|0|0|0
ZZ_H_677|21|1767009480|0|6918.00000|0.00000|11119017|1|0|0|0|0|H||8|0|3|0|0|0
ZZ_H_68|21|1767389641|0|6864.00000|0.00000|11119017|1|0|0|0|0|H||8|0|3|0|0|0
ZZ_H_700|21|1766976360|0|6936.00000|0.00000|11119017|1|0|0|0|0|H||8|0|3|0|0|0
ZZ_H_717|21|1766777220|0|6930.00000|0.00000|11119017|1|0|0|0|0|H||8|0|3|0|0|0
ZZ_H_730|21|1766770140|0|6936.00000|0.00000|11119017|1|0|0|0|0|H*||8|0|3|0|0|0
ZZ_H_740|21|1766768640|0|6932.00000|0.00000|11119017|1|0|0|0|0|H||8|0|3|0|0|0
ZZ_H_747|21|1766767920|0|6938.00000|0.00000|11119017|1|0|0|0|0|H||8|0|3|0|0|0
ZZ_H_754|21|1766767260|0|6944.00000|0.00000|11119017|1|0|0|0|0|H||8|0|3|0|0|0
ZZ_H_762|21|1766763480|0|6936.00000|0.00000|11119017|1|0|0|0|0|H||8|0|3|0|0|0
ZZ_H_768|21|1766747340|0|6932.00000|0.00000|11119017|1|0|0|0|0|H||8|0|3|0|0|0
ZZ_H_775|21|1766714640|0|6938.00000|0.00000|11119017|1|0|0|0|0|H||8|0|3|0|0|0
ZZ_H_779|21|1766711460|0|6938.00000|0.00000|11119017|1|0|0|0|0|H||8|0|3|0|0|0
ZZ_H_792|21|1766603160|0|6936.00000|0.00000|11119017|1|0|0|0|0|H||8|0|3|0|0|0
ZZ_H_8|21|1767602700|0|6872.00000|0.00000|11119017|1|0|0|0|0|H||8|0|3|0|0|0
ZZ_H_813|21|1766524860|0|6910.00000|0.00000|11119017|1|0|0|0|0|H||8|0|3|0|0|0
ZZ_H_833|21|1766509740|0|6878.00000|0.00000|11119017|1|0|0|0|0|H||8|0|3|0|0|0
ZZ_H_843|21|1766508420|0|6890.00000|0.00000|11119017|1|0|0|0|0|H||8|0|3|0|0|0
ZZ_H_853|21|1766507406|0|6882.00000|0.00000|11119017|1|0|0|0|0|H||8|0|3|0|0|0
ZZ_H_871|21|1766488740|0|6882.00000|0.00000|11119017|1|0|0|0|0|H||8|0|3|0|0|0
ZZ_H_881|21|1766461320|0|6882.00000|0.00000|11119017|1|0|0|0|0|H||8|0|3|0|0|0
ZZ_L_103|21|1767386400|0|6832.00000|0.00000|11119017|1|0|0|0|0|L||8|0|7|0|0|0
ZZ_L_107|21|1767385560|0|6832.00000|0.00000|11119017|1|0|0|0|0|L||8|0|7|0|0|0
ZZ_L_115|21|1767384360|0|6832.00000|0.00000|11119017|1|0|0|0|0|L||8|0|7|0|0|0
ZZ_L_133|21|1767381600|0|6844.00000|0.00000|11119017|1|0|0|0|0|L||8|0|7|0|0|0
ZZ_L_149|21|1767379862|0|6828.00000|0.00000|11119017|1|0|0|0|0|L||8|0|7|0|0|0
ZZ_L_168|21|1767378540|0|6842.00000|0.00000|11119017|1|0|0|0|0|L||8|0|7|0|0|0
ZZ_L_178|21|1767377882|0|6838.00000|0.00000|11119017|1|0|0|0|0|L*||8|0|7|0|0|0
ZZ_L_192|21|1767377464|0|6830.00000|0.00000|11119017|1|0|0|0|0|L||8|0|7|0|0|0
ZZ_L_20|21|1767580680|0|6862.00000|0.00000|11119017|1|0|0|0|0|L||8|0|7|0|0|0
ZZ_L_201|21|1767377100|0|6832.00000|0.00000|11119017|1|0|0|0|0|L||8|0|7|0|0|0
ZZ_L_222|21|1767376320|0|6846.00000|0.00000|11119017|1|0|0|0|0|L||8|0|7|0|0|0
ZZ_L_241|21|1767375481|0|6856.00000|0.00000|11119017|1|0|0|0|0|L||8|0|7|0|0|0
ZZ_L_260|21|1767374700|0|6842.00000|0.00000|11119017|1|0|0|0|0|L||8|0|7|0|0|0
ZZ_L_27|21|1767576780|0|6860.00000|0.00000|11119017|1|0|0|0|0|L||8|0|7|0|0|0
ZZ_L_290|21|1767372720|0|6886.00000|0.00000|11119017|1|0|0|0|0|L||8|0|7|0|0|0
ZZ_L_305|21|1767371941|0|6868.00000|0.00000|11119017|1|0|0|0|0|L||8|0|7|0|0|0
ZZ_L_311|21|1767371700|0|6868.00000|0.00000|11119017|1|0|0|0|0|L||8|0|7|0|0|0
ZZ_L_32|21|1767575221|0|6858.00000|0.00000|11119017|1|0|0|0|0|L||8|0|7|0|0|0
ZZ_L_325|21|1767367860|0|6880.00000|0.00000|11119017|1|0|0|0|0|L||8|0|7|0|0|0
ZZ_L_332|21|1767356580|0|6886.00000|0.00000|11119017|1|0|0|0|0|L||8|0|7|0|0|0
ZZ_L_370|21|1767221940|0|6846.00000|0.00000|11119017|1|0|0|0|0|L*||8|0|7|0|0|0
ZZ_L_385|21|1767220020|0|6852.00000|0.00000|11119017|1|0|0|0|0|L||8|0|7|0|0|0
ZZ_L_399|21|1767216840|0|6868.00000|0.00000|11119017|1|0|0|0|0|L||8|0|7|0|0|0
ZZ_L_40|21|1767397800|0|6854.00000|0.00000|11119017|1|0|0|0|0|L||8|0|7|0|0|0
ZZ_L_414|21|1767210060|0|6874.00000|0.00000|11119017|1|0|0|0|0|L||8|0|7|0|0|0
ZZ_L_418|21|1767208020|0|6874.00000|0.00000|11119017|1|0|0|0|0|L||8|0|7|0|0|0
ZZ_L_425|21|1767203700|0|6868.00000|0.00000|11119017|1|0|0|0|0|L||8|0|7|0|0|0
ZZ_L_433|21|1767201420|0|6876.00000|0.00000|11119017|1|0|0|0|0|L||8|0|7|0|0|0
ZZ_L_443|21|1767199500|0|6880.00000|0.00000|11119017|1|0|0|0|0|L||8|0|7|0|0|0
ZZ_L_469|21|1767177240|0|6876.00000|0.00000|11119017|1|0|0|0|0|L*||8|0|7|0|0|0
ZZ_L_47|21|1767394440|0|6848.00000|0.00000|11119017|1|0|0|0|0|L||8|0|7|0|0|0
ZZ_L_480|21|1767150000|0|6882.00000|0.00000|11119017|1|0|0|0|0|L||8|0|7|0|0|0
ZZ_L_496|21|1767132360|0|6898.00000|0.00000|11119017|1|0|0|0|0|L||8|0|7|0|0|0
ZZ_L_511|21|1767121440|0|6896.00000|0.00000|11119017|1|0|0|0|0|L||8|0|7|0|0|0
ZZ_L_52|21|1767394020|0|6846.00000|0.00000|11119017|1|0|0|0|0|L||8|0|7|0|0|0
ZZ_L_526|21|1767115620|0|6894.00000|0.00000|11119017|1|0|0|0|0|L||8|0|7|0|0|0
ZZ_L_543|21|1767113100|0|6896.00000|0.00000|11119017|1|0|0|0|0|L||8|0|7|0|0|0
ZZ_L_553|21|1767100020|0|6900.00000|0.00000|11119017|1|0|0|0|0|L||8|0|7|0|0|0
ZZ_L_561|21|1767086520|0|6896.00000|0.00000|11119017|1|0|0|0|0|L||8|0|7|0|0|0
ZZ_L_570|21|1767057540|0|6902.00000|0.00000|11119017|1|0|0|0|0|L||8|0|7|0|0|0
ZZ_L_586|21|1767041400|0|6898.00000|0.00000|11119017|1|0|0|0|0|L||8|0|7|0|0|0
ZZ_L_597|21|1767036360|0|6888.00000|0.00000|11119017|1|0|0|0|0|L||8|0|7|0|0|0
ZZ_L_6|21|1767604980|0|6866.00000|0.00000|11119017|1|0|0|0|0|L||8|0|7|0|0|0
ZZ_L_604|21|1767033480|0|6894.00000|0.00000|11119017|1|0|0|0|0|L||8|0|7|0|0|0
ZZ_L_614|21|1767030601|0|6898.00000|0.00000|11119017|1|0|0|0|0|L||8|0|7|0|0|0
ZZ_L_627|21|1767028020|0|6896.00000|0.00000|11119017|1|0|0|0|0|L||8|0|7|0|0|0
ZZ_L_65|21|1767390840|0|6856.00000|0.00000|11119017|1|0|0|0|0|L||8|0|7|0|0|0
ZZ_L_656|21|1767024960|0|6894.00000|0.00000|11119017|1|0|0|0|0|L||8|0|7|0|0|0
ZZ_L_662|21|1767023341|0|6898.00000|0.00000|11119017|1|0|0|0|0|L||8|0|7|0|0|0
ZZ_L_675|21|1767011760|0|6912.00000|0.00000|11119017|1|0|0|0|0|L||8|0|7|0|0|0
ZZ_L_682|21|1767005160|0|6910.00000|0.00000|11119017|1|0|0|0|0|L||8|0|7|0|0|0
ZZ_L_712|21|1766780400|0|6922.00000|0.00000|11119017|1|0|0|0|0|L||8|0|7|0|0|0
ZZ_L_719|21|1766775000|0|6924.00000|0.00000|11119017|1|0|0|0|0|L||8|0|7|0|0|0
ZZ_L_737|21|1766769120|0|6924.00000|0.00000|11119017|1|0|0|0|0|L||8|0|7|0|0|0
ZZ_L_742|21|1766768462|0|6926.00000|0.00000|11119017|1|0|0|0|0|L||8|0|7|0|0|0
ZZ_L_749|21|1766767860|0|6932.00000|0.00000|11119017|1|0|0|0|0|L||8|0|7|0|0|0
ZZ_L_760|21|1766766660|0|6930.00000|0.00000|11119017|1|0|0|0|0|L||8|0|7|0|0|0
ZZ_L_766|21|1766756400|0|6926.00000|0.00000|11119017|1|0|0|0|0|L||8|0|7|0|0|0
ZZ_L_770|21|1766740260|0|6926.00000|0.00000|11119017|1|0|0|0|0|L||8|0|7|0|0|0
ZZ_L_777|21|1766712000|0|6932.00000|0.00000|11119017|1|0|0|0|0|L||8|0|7|0|0|0
ZZ_L_786|21|1766606401|0|6926.00000|0.00000|11119017|1|0|0|0|0|L*||8|0|7|0|0|0
ZZ_L_810|21|1766538300|0|6902.00000|0.00000|11119017|1|0|0|0|0|L||8|0|7|0|0|0
ZZ_L_831|21|1766509860|0|6872.00000|0.00000|11119017|1|0|0|0|0|L||8|0|7|0|0|0
ZZ_L_835|21|1766509380|0|6872.00000|0.00000|11119017|1|0|0|0|0|L||8|0|7|0|0|0
ZZ_L_850|21|1766507580|0|6874.00000|0.00000|11119017|1|0|0|0|0|L||8|0|7|0|0|0
ZZ_L_862|21|1766504341|0|6862.00000|0.00000|11119017|1|0|0|0|0|L||8|0|7|0|0|0
ZZ_L_876|21|1766473620|0|6870.00000|0.00000|11119017|1|0|0|0|0|L||8|0|7|0|0|0
ZZ_L_95|21|1767386942|0|6824.00000|0.00000|11119017|1|0|0|0|0|L||8|0|7|0|0|0
