MT4_OBJECT_SYNC_FORMAT_v6
UTC_REF|1764964800|1.16433
Rectangle 10007|16|1670332800|1670367600|1.05078|1.05133|15570276|1|0|0|1|0|||0|7
Rectangle 10015|16|1673347080|1673391600|1.07380|1.07421|15570276|1|0|0|1|0|||0|7
Rectangle 10085|16|1678686300|1678693500|1.06278|1.06246|0|1|2|0|0|0|||0|7
Rectangle 10091|16|1696413600|1696456800|1.04603|1.04541|15453831|1|0|0|1|0|||0|7
Rectangle 10094|16|1670930100|1670937300|1.05246|1.05222|0|1|2|0|0|0|||0|7
Rectangle 10117|16|1678678200|1678685400|1.07436|1.07404|0|1|2|0|0|0|||0|7
Rectangle 10121|16|1678704300|1678711500|1.07440|1.07412|0|1|2|0|0|0|||0|7
Rectangle 10132|16|1678734000|1678741200|1.07537|1.07511|0|1|2|0|0|0|||0|7
Rectangle 10143|16|1696419420|1696461300|1.04806|1.04835|15453831|1|0|0|1|0|||0|7
Rectangle 10184|16|1678784400|1678791600|1.07371|1.07345|0|1|2|0|0|0|||0|7
Rectangle 10292|16|1677673440|1677718320|1.06582|1.06623|15453831|1|0|0|1|0|||0|7
Rectangle 10398|16|1680694200|1680701400|1.09324|1.09296|0|1|2|0|0|0|||0|7
Rectangle 10453|16|1675248060|1675295220|1.08834|1.08882|15570276|1|0|0|1|0|||0|7
Rectangle 10549|16|1666858500|1666865700|1.00208|1.00180|0|1|2|0|0|0|||0|7
Rectangle 10579|16|1678742100|1678749300|1.06523|1.06491|0|1|2|0|0|0|||0|7
Rectangle 10587|16|1701783000|1701824400|1.08235|1.08267|15453831|1|0|0|1|0|||0|7
Rectangle 10592|16|1678767300|1678774500|1.06625|1.06594|0|1|2|0|0|0|||0|7
Rectangle 10596|16|1678792500|1678799700|1.06682|1.06650|0|1|2|0|0|0|||0|7
Rectangle 10600|16|1670923920|1670972400|1.05552|1.05594|15570276|1|0|0|1|0|||0|7
Rectangle 10633|16|1661432400|1661439600|0.99547|0.99502|0|1|2|0|0|0|||0|7
Rectangle 10682|16|1670898600|1670905800|1.05661|1.05637|0|1|2|0|0|0|||0|7
Rectangle 10687|16|1670923800|1670931000|1.05681|1.05657|0|1|2|0|0|0|||0|7
Rectangle 10699|16|1682072100|1682123400|1.09432|1.09493|15453831|1|0|0|1|0|||0|7
Rectangle 10720|16|1670879700|1670886900|1.05093|1.05069|0|1|2|0|0|0|||0|7
Rectangle 10727|16|1670904900|1670912100|1.05227|1.05204|0|1|2|0|0|0|||0|7
Rectangle 1074|16|1666788840|1666825200|1.00206|1.00259|2139610|1|0|0|1|0|||0|7
Rectangle 10849|16|1666005300|1666012500|0.97944|0.97916|0|1|2|0|0|0|||0|7
Rectangle 10859|16|1669018500|1669025700|1.02346|1.02310|0|1|2|0|0|0|||0|7
Rectangle 10865|16|1668990600|1668997800|1.03605|1.03570|0|1|2|0|0|0|||0|7
Rectangle 10871|16|1669084200|1669091400|1.02858|1.02822|0|1|2|0|0|0|||0|7
Rectangle 10877|16|1669028400|1669035600|1.03148|1.03113|0|1|2|0|0|0|||0|7
Rectangle 10983|16|1666273200|1666306800|0.97965|0.97853|36095|1|0|0|1|0|||0|7
Rectangle 10998|16|1668750360|1668772800|1.03756|1.03833|15570276|1|0|0|1|0|||0|7
Rectangle 11030|16|1663847040|1663887600|0.98991|0.99073|2139610|1|0|0|1|0|||0|7
Rectangle 11073|16|1669826700|1669833900|1.04096|1.04072|0|1|2|0|0|0|||0|7
Rectangle 11134|16|1663331400|1663338600|0.99434|0.99400|0|1|2|0|0|0|||0|7
Rectangle 11163|16|1666284300|1666291500|0.98499|0.98471|0|1|2|0|0|0|||0|7
Rectangle 11217|16|1668807900|1668815100|1.02912|1.02877|0|1|2|0|0|0|||0|7
Rectangle 1122|16|1667833380|1667864400|0.99907|0.99814|36095|1|0|0|1|0|||0|7
Rectangle 11228|16|1697796000|1697842800|1.05737|1.05716|15453831|1|0|0|1|0|||0|7
Rectangle 11271|16|1680692520|1680741900|1.09441|1.09464|15453831|1|0|0|1|0|||0|7
Rectangle 11311|16|1679511780|1679550300|1.07962|1.08000|15570276|1|0|0|1|0|||0|7
Rectangle 11343|16|1679507460|1679526000|1.07921|1.07984|15453831|1|0|0|1|0|||0|7
Rectangle 114|16|1674119820|1674170100|1.07852|1.07898|15570276|1|0|0|1|0|||0|7
Rectangle 11424|16|1759533300|1767023700|1.17452|1.17592|11119017|3|0|0|1|0|3.10.25||0|0
Rectangle 11428|16|1678789740|1678838400|1.06870|1.06825|15453831|1|0|0|1|0|||0|7
Rectangle 11506|16|1667388360|1667430000|0.98982|0.99046|2139610|1|0|0|1|0|||0|7
Rectangle 11530|16|1696421280|1696463340|1.04904|1.04958|15453831|1|0|0|1|0|||0|7
Rectangle 11541|16|1678785180|1678833900|1.07093|1.07122|15453831|1|0|0|1|0|||0|7
Rectangle 11606|16|1663586580|1663628400|0.99731|0.99698|36095|1|0|0|1|0|||0|7
Rectangle 11607|16|1666602600|1666652400|0.98559|0.98618|2139610|1|0|0|1|0|||0|7
Rectangle 11754|16|1671710700|1671750000|1.06484|1.06553|15453831|1|0|0|1|0|||0|7
Rectangle 11767|16|1670867100|1670874300|1.05155|1.05132|0|1|2|0|0|0|||0|7
Rectangle 11771|16|1669020600|1669071600|1.02685|1.02627|15570276|1|0|0|1|0|||0|7
Rectangle 11816|16|1672239600|1672246800|1.06774|1.06753|0|1|2|0|0|0|||0|7
Rectangle 11876|16|1666864800|1666911600|1.00605|1.00562|36095|1|0|0|1|0|||0|7
Rectangle 12171|16|1680615000|1680622200|1.08648|1.08620|0|1|2|0|0|0|||0|7
Rectangle 12247|16|1672235700|1672268400|1.06473|1.06520|15570276|1|0|0|1|0|||0|7
Rectangle 12284|16|1665751500|1665788400|0.97359|0.97195|2139610|1|0|0|1|0|||0|7
Rectangle 12353|16|1674659700|1674694920|1.08790|1.08774|15570276|1|0|0|1|0|||0|7
Rectangle 12421|16|1666799280|1666825200|1.00036|0.99956|2139610|1|0|0|1|0|||0|7
Rectangle 1245|16|1677666840|1677711600|1.06451|1.06478|15453831|1|0|0|1|0|||0|7
Rectangle 12468|16|1677677400|1677684600|1.06950|1.06931|0|1|2|0|0|0|||0|7
Rectangle 12501|16|1669024800|1669048200|1.02600|1.02553|15570276|1|0|0|1|0|||0|7
Rectangle 12522|16|1668697200|1668726000|1.03334|1.03204|15453831|1|0|0|1|0|||0|7
Rectangle 12665|16|1662987600|1662994800|1.02001|1.01955|0|1|2|0|0|0|||0|7
Rectangle 1267|16|1665722640|1665788400|0.97886|0.97951|2139610|1|0|0|1|0|||0|7
Rectangle 12679|16|1662999300|1663006500|1.00725|1.00680|0|1|2|0|0|0|||0|7
Rectangle 12730|16|1677675420|1677711600|1.06629|1.06678|15570276|1|0|0|1|0|||0|7
Rectangle 12889|16|1663584300|1663591500|1.00129|1.00099|0|1|2|0|0|0|||0|7
Rectangle 12958|16|1673838000|1673848800|1.08740|1.08704|11119017|1|0|0|1|0|||0|0
Rectangle 12968|16|1667403000|1667410200|0.99245|0.99218|0|1|2|0|0|0|||0|7
Rectangle 13013|16|1680138000|1680145200|1.08670|1.08654|0|1|2|0|0|0|||0|7
Rectangle 13019|16|1680100200|1680107400|1.08749|1.08733|0|1|2|0|0|0|||0|7
Rectangle 13102|16|1666274940|1666275420|0.98301|0.98290|16760576|1|0|0|1|0|||0|1
Rectangle 13104|16|1664445600|1664492400|0.96558|0.96672|2139610|1|0|0|1|0|||0|7
Rectangle 13156|16|1673838000|1673848800|1.08740|1.08704|11119017|1|0|0|1|0|||0|0
Rectangle 13228|16|1664964960|1665010800|0.99622|0.99550|2139610|1|0|0|1|0|||0|7
Rectangle 1328|16|1666264500|1666266300|0.97676|0.97661|36095|1|0|0|1|0|||0|3
Rectangle 13330|16|1673974800|1673982000|1.08725|1.08706|0|1|2|0|0|0|||0|7
Rectangle 13337|16|1673874000|1673881200|1.08673|1.08654|0|1|2|0|0|0|||0|7
Rectangle 13393|16|1679580300|1679612400|1.08769|1.08803|15570276|1|0|0|1|0|||0|7
Rectangle 13574|16|1691508120|1691554740|1.09398|1.09347|15453831|1|0|0|1|0|||0|7
Rectangle 13575|16|1665495000|1665502200|0.97455|0.97427|0|1|2|0|0|0|||0|7
Rectangle 13611|16|1676852100|1676859300|1.06431|1.06412|0|1|2|0|0|0|||0|7
Rectangle 13627|16|1674464700|1674514800|1.09140|1.09268|15570276|1|0|0|1|0|||0|7
Rectangle 13646|16|1676574900|1676582100|1.07096|1.07077|0|1|2|0|0|0|||0|7
Rectangle 13659|16|1676886300|1676893500|1.07092|1.07072|0|1|2|0|0|0|||0|7
Rectangle 13723|16|1665563400|1665570600|0.97503|0.97475|0|1|2|0|0|0|||0|7
Rectangle 13803|16|1671451200|1671458400|1.06637|1.06614|0|1|2|0|0|0|||0|7
Rectangle 13862|16|1671451020|1671490800|1.06239|1.06282|15453831|1|0|0|1|0|||0|7
Rectangle 139|16|1674120300|1674170580|1.08016|1.07924|15570276|1|0|0|1|0|||0|7
Rectangle 13927|16|1672828260|1672873200|1.06269|1.06354|15453831|1|0|0|1|0|||0|7
Rectangle 13956|16|1666596600|1666603800|0.98792|0.98764|0|1|2|0|0|0|||0|7
Rectangle 14221|16|1698231600|1698256800|1.05940|1.05857|15453831|1|0|0|1|0|||0|7
Rectangle 14258|16|1676044800|1676052000|1.07123|1.07104|0|1|2|0|0|0|||0|7
Rectangle 14288|16|1671454800|1671462000|1.05879|1.05857|0|1|2|0|0|0|||0|7
Rectangle 14370|16|1676318400|1676325600|1.07371|1.07351|0|1|2|0|0|0|||0|7
Rectangle 14372|16|1670861640|1670887800|1.05682|1.05718|15453831|1|0|0|1|0|||0|7
Rectangle 14378|16|1676313000|1676320200|1.06678|1.06658|0|1|2|0|0|0|||0|7
Rectangle 14385|16|1676338200|1676345400|1.06919|1.06900|0|1|2|0|0|0|||0|7
Rectangle 14433|16|1666341180|1666393200|0.97716|0.97672|2139610|1|0|0|1|0|||0|7
Rectangle 14497|16|1680695100|1680744480|1.09418|1.09437|15453831|1|0|0|1|0|||0|7
Rectangle 14597|16|1668749400|1668756600|1.04041|1.03991|0|1|2|0|0|0|||0|7
Rectangle 14603|16|1668770100|1668777300|1.03353|1.03319|0|1|2|0|0|0|||0|7
Rectangle 14616|16|1675252800|1675295400|1.08796|1.08868|15453831|1|0|0|1|0|||0|7
Rectangle 14746|16|1666605600|1666652400|0.98463|0.98531|2139610|1|0|0|1|0|||0|7
Rectangle 14818|16|1670927520|1670972400|1.05407|1.05381|15570276|1|0|0|1|0|||0|7
Rectangle 1485|16|1677630600|1677637800|1.05653|1.05634|0|1|2|0|0|0|||0|7
Rectangle 14886|16|1672785000|1672792200|1.06312|1.06291|0|1|2|0|0|0|||0|7
Rectangle 14907|16|1697536800|1697572800|1.05350|1.05370|15453831|1|0|0|1|0|||0|7
Rectangle 14916|16|1674726300|1674733500|1.08853|1.08834|0|1|2|0|0|0|||0|7
Rectangle 14928|16|1674688500|1674695700|1.09314|1.09295|0|1|2|0|0|0|||0|7
Rectangle 14931|16|1674713700|1674720900|1.09339|1.09320|0|1|2|0|0|0|||0|7
Rectangle 14952|16|1676616300|1676623500|1.06284|1.06265|0|1|2|0|0|0|||0|7
Rectangle 14974|16|1676565900|1676573100|1.06505|1.06485|0|1|2|0|0|0|||0|7
Rectangle 15114|16|1675776120|1675812600|1.07066|1.07011|15453831|1|0|0|1|0|||0|7
Rectangle 15124|16|1679311800|1679319000|1.06257|1.06223|0|1|2|0|0|0|||0|7
Rectangle 15130|16|1677153600|1677200220|1.05932|1.05890|15453831|1|0|0|1|0|||0|7
Rectangle 15213|16|1674454500|1674461700|1.08554|1.08535|0|1|2|0|0|0|||0|7
Rectangle 15216|16|1764370800|1767046500|1.15977|1.16076|16777215|3|0|0|1|0|28.11.25||0|0
Rectangle 15220|16|1674461700|1674468900|1.09300|1.09281|0|1|2|0|0|0|||0|7
Rectangle 15256|16|1673283120|1673305200|1.07323|1.07383|15570276|1|0|0|1|0|||0|7
Rectangle 15290|16|1666030500|1666037700|0.98010|0.97983|0|1|2|0|0|0|||0|7
Rectangle 15342|16|1669221900|1669246200|1.03302|1.03473|15570276|1|0|0|1|0|||0|7
Rectangle 15351|16|1672788600|1672795800|1.05360|1.05339|0|1|2|0|0|0|||0|7
Rectangle 15366|16|1672813800|1672821000|1.05480|1.05440|0|1|2|0|0|0|||0|7
Rectangle 15413|16|1672822800|1672830000|1.06545|1.06524|0|1|2|0|0|0|||0|7
Rectangle 15417|16|1668180600|1668187800|1.03691|1.03657|0|1|2|0|0|0|||0|7
Rectangle 15435|16|1665546300|1665553500|0.96768|0.96735|0|1|2|0|0|0|||0|7
Rectangle 15447|16|1671186180|1671186660|1.06245|1.06236|42495|1|0|0|1|0|||0|1
Rectangle 15465|16|1671189540|1671190020|1.06236|1.06228|42495|1|0|0|1|0|||0|1
Rectangle 15467|16|1671191220|1671191700|1.06228|1.06220|42495|1|0|0|1|0|||0|1
Rectangle 15477|16|1671185340|1671185820|1.06526|1.06517|42495|1|0|0|1|0|||0|1
Rectangle 15480|16|1671187860|1671188340|1.06617|1.06608|42495|1|0|0|1|0|||0|1
Rectangle 15491|16|1680170820|1680217200|1.08236|1.08309|15453831|1|0|0|1|0|||0|7
Rectangle 15601|16|1670928540|1670973600|1.05353|1.05315|15570276|1|0|0|1|0|||0|7
Rectangle 1561|16|1672149600|1672156800|1.06092|1.06071|0|1|2|0|0|0|||0|7
Rectangle 15625|16|1672239240|1672268400|1.06543|1.06577|15570276|1|0|0|1|0|||0|7
Rectangle 15660|16|1682334180|1682383500|1.09914|1.09945|15453831|1|0|0|1|0|||0|7
Rectangle 15712|16|1671467400|1671474600|1.05754|1.05730|0|1|2|0|0|0|||0|7
Rectangle 15756|16|1668438000|1668468600|1.03212|1.03356|15453831|1|0|0|1|0|||0|7
Rectangle 15913|16|1666088400|1666103400|0.98357|0.98457|2139610|1|0|0|1|0|||0|7
Rectangle 15927|16|1666279320|1666306800|0.98258|0.98330|36095|1|0|0|1|0|||0|7
Rectangle 15933|16|1681221300|1681254000|1.09215|1.09268|15453831|1|0|0|1|0|||0|7
Rectangle 15937|16|1675757700|1675764900|1.07572|1.07549|0|1|2|0|0|0|||0|7
Rectangle 15945|16|1675795500|1675802700|1.07742|1.07719|0|1|2|0|0|0|||0|7
Rectangle 15999|16|1671121020|1671145200|1.07366|1.07157|15570276|1|0|0|1|0|||0|7
Rectangle 16073|16|1671124980|1671145200|1.06515|1.06414|15570276|1|0|0|1|0|||0|7
Rectangle 16125|16|1663857000|1663864200|0.99078|0.99044|0|1|2|0|0|0|||0|7
Rectangle 16133|16|1666299600|1666306800|0.97625|0.97597|0|1|2|0|0|0|||0|7
Rectangle 16135|16|1666324800|1666332000|0.97601|0.97574|0|1|2|0|0|0|||0|7
Rectangle 16160|16|1663330500|1663369200|0.99708|0.99648|2139610|2|0|0|1|0|||0|7
Rectangle 16163|16|1666310400|1666317600|0.98106|0.98078|0|1|2|0|0|0|||0|7
Rectangle 1617|16|1673949600|1673996400|1.08288|1.08310|15570276|1|0|0|1|0|||0|7
Rectangle 16170|16|1666335600|1666342800|0.98038|0.98010|0|1|2|0|0|0|||0|7
Rectangle 16191|16|1677678600|1677715020|1.06704|1.06740|15570276|1|0|0|1|0|||0|7
Rectangle 16417|16|1758582000|1766496600|1.17769|1.17903|16777215|3|0|0|1|0|22.9.25||0|0
Rectangle 16451|16|1697800980|1697847300|1.05857|1.05785|15453831|1|0|0|1|0|||0|7
Rectangle 16458|16|1665992700|1665999900|0.97725|0.97697|0|1|2|0|0|0|||0|7
Rectangle 16482|16|1669031100|1669038300|1.02252|1.02216|0|1|2|0|0|0|||0|7
Rectangle 16492|16|1665756900|1665764100|0.98063|0.98036|0|1|2|0|0|0|||0|7
Rectangle 165|16|1665475020|1665529200|0.96781|0.96706|2139610|1|0|0|1|0|||0|7
Rectangle 16609|16|1669291020|1669330800|1.04200|1.04256|15570276|1|0|0|1|0|||0|7
Rectangle 16636|16|1663855200|1663887600|0.98671|0.98801|36095|1|0|0|1|0|||0|7
Rectangle 16691|16|1670354100|1670361300|1.04529|1.04500|0|1|2|0|0|0|||0|7
Rectangle 16695|16|1668176940|1668207600|1.02968|1.03051|15570276|1|0|0|1|0|||0|7
Rectangle 16699|16|1670379300|1670386500|1.04472|1.04443|0|1|2|0|0|0|||0|7
Rectangle 16702|16|1670860800|1670868000|1.05819|1.05795|0|1|2|0|0|0|||0|7
Rectangle 16706|16|1670404500|1670411700|1.04426|1.04397|0|1|2|0|0|0|||0|7
Rectangle 16740|16|1672764060|1672786800|1.05868|1.05940|15570276|1|0|0|1|0|||0|7
Rectangle 1675|16|1673865000|1673872200|1.07961|1.07942|0|1|2|0|0|0|||0|7
Rectangle 16800|16|1688031000|1688038200|1.09341|1.09323|0|1|2|0|0|0|||0|7
Rectangle 16811|16|1688021100|1688028300|1.08810|1.08792|0|1|2|0|0|0|||0|7
Rectangle 16815|16|1688046300|1688053500|1.08733|1.08716|0|1|2|0|0|0|||0|7
Rectangle 17000|16|1682335740|1682385060|1.09852|1.09871|15453831|1|0|0|1|0|||0|7
Rectangle 17132|16|1671191400|1671231600|1.06168|1.06101|15570276|1|0|0|1|0|||0|7
Rectangle 17150|16|1668504240|1668553200|1.03852|1.03635|15570276|1|0|0|1|0|||0|7
Rectangle 17228|16|1670404440|1670454000|1.04518|1.04436|15570276|1|0|0|1|0|||0|7
Rectangle 17243|16|1672267500|1672274700|1.06052|1.06031|0|1|2|0|0|0|||0|7
Rectangle 17253|16|1672305300|1672312500|1.06087|1.06065|0|1|2|0|0|0|||0|7
Rectangle 17256|16|1668766860|1668812400|1.03510|1.03464|15570276|1|0|0|1|0|||0|7
Rectangle 17271|16|1672277400|1672284600|1.06467|1.06446|0|1|2|0|0|0|||0|7
Rectangle 17275|16|1672340400|1672347600|1.06919|1.06898|0|1|2|0|0|0|||0|7
Rectangle 17298|16|1666274400|1666281600|0.97663|0.97635|0|1|2|0|0|0|||0|7
Rectangle 17328|16|1674665220|1674687600|1.08924|1.08975|15570276|1|0|0|1|0|||0|7
Rectangle 17340|16|1674723060|1674775800|1.09239|1.09295|15570276|1|0|0|1|0|||0|7
Rectangle 17367|16|1674730800|1674774000|1.09092|1.09035|15570276|1|0|0|1|0|||0|7
Rectangle 17430|16|1664961300|1664968500|0.99207|0.99160|0|1|2|0|0|0|||0|7
Rectangle 17514|16|1664968680|1665010800|0.99368|0.99286|2139610|1|0|0|1|0|||0|7
Rectangle 17524|16|1668505620|1668524400|1.03963|1.04163|15570276|1|0|0|1|0|||0|7
Rectangle 1760|16|1668684840|1668726000|1.03666|1.03747|15570276|1|0|0|1|0|||0|7
Rectangle 17613|16|1667394060|1667430000|0.99080|0.99121|2139610|1|0|0|1|0|||0|7
Rectangle 17696|16|1675255920|1675299060|1.08901|1.08936|15453831|1|0|0|1|0|||0|7
Rectangle 1772|16|1680093180|1680139800|1.08486|1.08546|15453831|1|0|0|1|0|||0|7
Rectangle 17785|16|1668481200|1668488400|1.03015|1.02965|0|1|2|0|0|0|||0|7
Rectangle 17819|16|1668506400|1668513600|1.04240|1.04190|0|1|2|0|0|0|||0|7
Rectangle 17876|16|1669285800|1669293000|1.04502|1.04467|0|1|2|0|0|0|||0|7
Rectangle 17931|16|1668429000|1668436200|1.03558|1.03508|0|1|2|0|0|0|||0|7
Rectangle 18018|16|1677680880|1677717300|1.06796|1.06835|15570276|1|0|0|1|0|||0|7
Rectangle 18039|16|1682588340|1682636400|1.10554|1.10586|15453831|1|0|0|1|0|||0|7
Rectangle 18089|16|1697541240|1697576400|1.05452|1.05474|15453831|1|0|0|1|0|||0|7
Rectangle 18141|16|1697801940|1697848200|1.05880|1.05905|15453831|1|0|0|1|0|||0|7
Rectangle 18234|16|1664164740|1664233200|0.95530|0.96053|2139610|1|0|0|1|0|||0|7
Rectangle 18310|16|1674205200|1674212400|1.08076|1.08057|0|1|2|0|0|0|||0|7
Rectangle 18329|16|1691509080|1691555820|1.09511|1.09448|15453831|1|0|0|1|0|||0|7
Rectangle 18346|16|1674187200|1674194400|1.08516|1.08497|0|1|2|0|0|0|||0|7
Rectangle 18349|16|1674162900|1674170100|1.08479|1.08460|0|1|2|0|0|0|||0|7
Rectangle 18356|16|1674142200|1674149400|1.07824|1.07805|0|1|2|0|0|0|||0|7
Rectangle 18360|16|1674117000|1674124200|1.07795|1.07776|0|1|2|0|0|0|||0|7
Rectangle 18454|16|1669293000|1669332900|1.03954|1.04052|15453831|1|0|0|1|0|||0|7
Rectangle 18468|16|1674206520|1674255600|1.08395|1.08457|15570276|1|0|0|1|0|||0|7
Rectangle 18512|16|1748646000|1798510500|1.13245|1.13545|11119017|3|0|0|1|0|29/30.5.25||0|0
Rectangle 18519|16|1674205200|1674255600|1.08274|1.08214|15570276|1|0|0|1|0|||0|7
Rectangle 18554|16|1666099800|1666107000|0.97954|0.97926|0|1|2|0|0|0|||0|7
Rectangle 18565|16|1674732600|1674775800|1.08981|1.08956|15570276|1|0|0|1|0|||0|7
Rectangle 18576|16|1669290300|1669297500|1.03796|1.03760|0|1|2|0|0|0|||0|7
Rectangle 18582|16|1674238500|1674245700|1.08838|1.08819|0|1|2|0|0|0|||0|7
Rectangle 18591|16|1672827480|1672873200|1.06203|1.06271|15570276|1|0|0|1|0|||0|7
Rectangle 18806|16|1670423400|1670430600|1.05556|1.05533|0|1|2|0|0|0|||0|7
Rectangle 1888|16|1675764360|1675810800|1.07116|1.07034|15570276|1|0|0|1|0|||0|7
Rectangle 18893|16|1764286200|1766972700|1.15885|1.15955|16777215|3|0|0|1|0|27.11.25||0|0
Rectangle 18924|16|1672308000|1672354800|1.06225|1.06245|15570276|1|0|0|1|0|||0|7
Rectangle 18973|16|1679911740|1679958900|1.07769|1.07821|15570276|1|0|0|1|0|||0|7
Rectangle 18990|16|1762383600|1766022300|1.14758|1.14871|8421504|3|0|0|1|0|5.11.25||0|0
Rectangle 19074|16|1678271340|1678317300|1.05480|1.05450|15570276|1|0|0|1|0|||0|7
Rectangle 19113|16|1663904760|1663974000|0.98429|0.98469|2139610|1|0|0|1|0|||0|7
Rectangle 19116|16|1669029000|1669071600|1.02427|1.02382|15570276|1|0|0|1|0|||0|7
Rectangle 19163|16|1679911200|1679918400|1.07973|1.07939|0|1|2|0|0|0|||0|7
Rectangle 19172|16|1679664600|1679671800|1.07079|1.07045|0|1|2|0|0|0|||0|7
Rectangle 19178|16|1679887800|1679895000|1.07186|1.07152|0|1|2|0|0|0|||0|7
Rectangle 19188|16|1679913000|1679920200|1.07285|1.07251|0|1|2|0|0|0|||0|7
Rectangle 19216|16|1663913700|1663920900|0.98157|0.98124|0|1|2|0|0|0|||0|7
Rectangle 19218|16|1672315200|1672322400|1.06631|1.06610|0|1|2|0|0|0|||0|7
Rectangle 19220|16|1663928100|1663935300|0.98575|0.98541|0|1|2|0|0|0|||0|7
Rectangle 19223|16|1691578440|1691623800|1.09848|1.09816|15453831|1|0|0|1|0|||0|7
Rectangle 19227|16|1663938900|1663946100|0.97323|0.97289|0|1|2|0|0|0|||0|7
Rectangle 19328|16|1680176280|1680221700|1.08690|1.08776|15453831|1|0|0|1|0|||0|7
Rectangle 19336|16|1666585800|1666593000|0.97693|0.97665|0|1|2|0|0|0|||0|7
Rectangle 19339|16|1666611000|1666618200|0.97810|0.97782|0|1|2|0|0|0|||0|7
Rectangle 19346|16|1666623600|1666630800|0.97814|0.97786|0|1|2|0|0|0|||0|7
Rectangle 19386|16|1663359300|1663366500|0.99538|0.99503|0|1|2|0|0|0|||0|7
Rectangle 19398|16|1666621800|1666629000|0.98770|0.98743|0|1|2|0|0|0|||0|7
Rectangle 19446|16|1671718680|1671750000|1.06178|1.06202|15570276|1|0|0|1|0|||0|7
Rectangle 19553|16|1758063600|1767064500|1.18356|1.18533|16777215|3|0|0|1|0|16.9.25||0|0
Rectangle 19568|16|1666086240|1666108800|0.98648|0.98689|2139610|1|0|0|1|0|||0|7
Rectangle 19585|16|1674209280|1674258780|1.08461|1.08561|15570276|1|0|0|1|0|||0|7
Rectangle 19611|16|1675325700|1675332900|1.09722|1.09702|0|1|2|0|0|0|||0|7
Rectangle 19612|16|1672308420|1672355400|1.06286|1.06313|15570276|1|0|0|1|0|||0|7
Rectangle 19771|16|1677682800|1677719400|1.06862|1.06913|15570276|1|0|0|1|0|||0|7
Rectangle 19852|16|1691514720|1691561220|1.09360|1.09291|15570276|1|0|0|1|0|||0|7
Rectangle 19900|16|1663595100|1663602300|1.00340|1.00309|0|1|2|0|0|0|||0|7
Rectangle 19942|16|1672302960|1672354800|1.06164|1.06130|15570276|1|0|0|1|0|||0|7
Rectangle 19958|16|1663595460|1663628400|0.99973|1.00021|2139610|1|0|0|1|0|||0|7
Rectangle 20019|16|1679914080|1679961240|1.07453|1.07527|15570276|1|0|0|1|0|||0|7
Rectangle 20076|16|1672309200|1672356720|1.06364|1.06394|15570276|1|0|0|1|0|||0|7
Rectangle 20103|16|1666021380|1666047600|0.97649|0.97757|36095|1|0|0|1|0|||0|7
Rectangle 20231|16|1668180300|1668207600|1.03144|1.03241|15570276|1|0|0|1|0|||0|7
Rectangle 20278|16|1674213300|1674220500|1.08656|1.08637|0|1|2|0|0|0|||0|7
Rectangle 203|16|1674123060|1674169200|1.08177|1.08136|15570276|1|0|0|1|0|||0|7
Rectangle 20330|16|1666087200|1666108800|0.98584|0.98661|36095|1|0|0|1|0|||0|7
Rectangle 2040|16|1664370120|1664406000|0.96030|0.95557|2139610|1|0|0|1|0|||0|7
Rectangle 2044|16|1696936380|1696982400|1.05858|1.05730|15453831|1|0|0|1|0|||0|7
Rectangle 20639|16|1764027900|1766761200|1.15222|1.15296|16777215|3|0|0|1|0|24.11.25||0|0
Rectangle 20751|16|1674666240|1674688500|1.09033|1.09171|15453831|1|0|0|1|0|||0|7
Rectangle 20847|16|1702911300|1702909800|1.09136|1.09178|15570276|1|0|0|1|0|||0|7
Rectangle 20871|16|1679050800|1679096700|1.06598|1.06657|15570276|1|0|0|1|0|||0|7
Rectangle 20899|16|1666022160|1666047600|0.97786|0.97808|36095|1|0|0|1|0|||0|7
Rectangle 20964|16|1679047320|1679093640|1.06621|1.06675|15453831|1|0|0|1|0|||0|7
Rectangle 20966|16|1679394360|1679439600|1.07130|1.07201|15570276|1|0|0|1|0|||0|7
Rectangle 21041|16|1679063340|1679094000|1.06165|1.06207|15570276|1|0|0|1|0|||0|7
Rectangle 21054|16|1747090800|1798400700|1.11074|1.11259|16777184|3|0|0|1|0|12.5.25||0|0
Rectangle 21115|16|1666873920|1666911600|1.00448|1.00396|2139610|1|0|0|1|0|||0|7
Rectangle 21233|16|1683716460|1683765660|1.09569|1.09593|15453831|1|0|0|1|0|||0|7
Rectangle 21350|16|1740784500|1790538600|1.03760|1.03973|11119017|3|0|0|1|0|28.2.25||0|0
Rectangle 21367|16|1681813140|1681858800|1.09530|1.09590|15453831|1|0|0|1|0|||0|7
Rectangle 21423|16|1681815060|1681861140|1.09636|1.09687|15453831|1|0|0|1|0|||0|7
Rectangle 21479|16|1675846800|1675897200|1.07282|1.07259|15570276|1|0|0|1|0|||0|7
Rectangle 21508|16|1667984400|1667991600|1.01013|1.00966|0|1|2|0|0|0|||0|7
Rectangle 21510|16|1671713100|1671720300|1.05889|1.05868|0|1|2|0|0|0|||0|7
Rectangle 21544|16|1667978100|1667985300|1.00330|1.00283|0|1|2|0|0|0|||0|7
Rectangle 21551|16|1667908800|1667916000|1.00287|1.00241|0|1|2|0|0|0|||0|7
Rectangle 21572|16|1675837800|1675845000|1.07121|1.07098|0|1|2|0|0|0|||0|7
Rectangle 21573|16|1697020980|1697066100|1.06186|1.06282|15453831|1|0|0|1|0|||0|7
Rectangle 21579|16|1667959200|1667966400|1.00994|1.00947|0|1|2|0|0|0|||0|7
Rectangle 21588|16|1681222800|1681255620|1.09117|1.09178|15453831|1|0|0|1|0|||0|7
Rectangle 21671|16|1681222500|1681229700|1.09296|1.09278|0|1|2|0|0|0|||0|7
Rectangle 21766|16|1663926360|1663974000|0.98112|0.98145|2139610|1|0|0|1|0|||0|7
Rectangle 2182|16|1670325180|1670367600|1.04876|1.04853|15570276|1|0|0|1|0|||0|7
Rectangle 21830|16|1669296360|1669330800|1.03936|1.03826|15570276|1|0|0|1|0|||0|7
Rectangle 21876|16|1671721200|1671750000|1.06334|1.06373|15570276|1|0|0|1|0|||0|7
Rectangle 21983|16|1672245360|1672268400|1.06600|1.06730|15570276|1|0|0|1|0|||0|7
Rectangle 22013|16|1669903200|1669910400|1.03802|1.03765|0|1|2|0|0|0|||0|7
Rectangle 22064|16|1669881600|1669888800|1.04689|1.04665|0|1|2|0|0|0|||0|7
Rectangle 22078|16|1663644600|1663651800|1.00563|1.00531|0|1|2|0|0|0|||0|7
Rectangle 22105|16|1669856400|1669863600|1.04601|1.04577|0|1|2|0|0|0|||0|7
Rectangle 22125|16|1669886340|1669935600|1.04566|1.04620|15570276|1|0|0|1|0|||0|7
Rectangle 22131|16|1667992140|1668034800|1.00596|1.00537|15570276|1|0|0|1|0|||0|7
Rectangle 22134|16|1671786300|1671796800|1.06109|1.06152|15570276|1|0|0|1|0|||0|7
Rectangle 22143|16|1682326800|1682377200|1.09783|1.09758|15453831|1|0|0|1|0|||0|7
Rectangle 22267|16|1671763500|1671770700|1.05791|1.05770|0|1|2|0|0|0|||0|7
Rectangle 22275|16|1671813900|1671821100|1.05919|1.05897|0|1|2|0|0|0|||0|7
Rectangle 22290|16|1673863680|1673911800|1.08256|1.08172|15570276|1|0|0|1|0|||0|7
Rectangle 22334|16|1675850400|1675900800|1.07512|1.07590|15570276|1|0|0|1|0|||0|7
Rectangle 22362|16|1673949600|1673956800|1.08577|1.08558|0|1|2|0|0|0|||0|7
Rectangle 22430|16|1668519000|1668526200|1.03448|1.03397|0|1|2|0|0|0|||0|7
Rectangle 22480|16|1677685500|1677692700|1.06067|1.06048|0|1|2|0|0|0|||0|7
Rectangle 22493|16|1681227240|1681255800|1.09089|1.09122|15570276|1|0|0|1|0|||0|7
Rectangle 22529|16|1663664400|1663714800|1.00171|1.00217|2139610|1|0|0|1|0|||0|7
Rectangle 22543|16|1677761100|1677768300|1.06122|1.06102|0|1|2|0|0|0|||0|7
Rectangle 22572|16|1663666200|1663673400|0.99902|0.99868|0|1|2|0|0|0|||0|7
Rectangle 22644|16|1669821300|1669849200|1.03770|1.03922|15570276|1|0|0|1|0|||0|7
Rectangle 22656|16|1674744300|1674751500|1.09231|1.09212|0|1|2|0|0|0|||0|7
Rectangle 22781|16|1666607400|1666652400|0.98382|0.98512|36095|1|0|0|1|0|||0|7
Rectangle 22905|16|1696957200|1697003100|1.05942|1.05998|15453831|1|0|0|1|0|||0|7
Rectangle 22958|16|1667921460|1667948400|0.99952|0.99982|15570276|1|0|0|1|0|||0|7
Rectangle 23037|16|1674200700|1674207900|1.08631|1.08612|0|1|2|0|0|0|||0|7
Rectangle 23110|16|1677751800|1677798000|1.06310|1.06262|15570276|1|0|0|1|0|||0|7
Rectangle 23159|16|1697544000|1697579100|1.05362|1.05421|15570276|1|0|0|1|0|||0|7
Rectangle 23310|16|1691057760|1691123400|1.09138|1.09171|15453831|1|0|0|1|0|||0|7
Rectangle 2335|16|1671652800|1671660000|1.06485|1.06462|0|1|2|0|0|0|||0|7
Rectangle 23368|16|1681753080|1681794000|1.09096|1.09164|15453831|1|0|0|1|0|||0|7
Rectangle 23418|16|1663336380|1663369200|0.99868|0.99836|2139610|2|0|0|1|0|||0|7
Rectangle 23434|16|1665568800|1665615600|0.97168|0.97237|2139610|1|0|0|1|0|||0|7
Rectangle 23499|16|1665565200|1665615600|0.97153|0.97234|36095|1|0|0|1|0|||0|7
Rectangle 23554|16|1663643160|1663714800|1.00419|1.00474|2139610|1|0|0|1|0|||0|7
Rectangle 23625|16|1663927260|1663974000|0.97700|0.97964|2139610|1|0|0|1|0|||0|7
Rectangle 2369|16|1671627600|1671634800|1.06483|1.06460|0|1|2|0|0|0|||0|7
Rectangle 23727|16|1754005500|1798430400|1.14384|1.14498|16777215|3|0|0|1|0|31.7.25||0|0
Rectangle 2376|16|1671636180|1671663600|1.06385|1.06452|15570276|1|0|0|1|0|||0|7
Rectangle 23882|16|1665596700|1665603900|0.96719|0.96686|0|1|2|0|0|0|||0|7
Rectangle 24031|16|1668771120|1668812400|1.03911|1.03834|15453831|1|0|0|1|0|||0|7
Rectangle 24134|16|1681293600|1681340400|1.09260|1.09300|15453831|1|0|0|1|0|||0|7
Rectangle 24145|16|1676310660|1676332080|1.07161|1.07222|15453831|1|0|0|1|0|||0|7
Rectangle 24166|16|1666024800|1666047600|0.97915|0.97977|36095|1|0|0|1|0|||0|7
Rectangle 24192|16|1743030000|1798577100|1.07641|1.07823|16777215|3|0|0|1|0|26.3.25||0|0
Rectangle 24210|16|1697548380|1697583540|1.05563|1.05618|15453831|1|0|0|1|0|||0|7
Rectangle 24238|16|1678804980|1678834800|1.07225|1.07258|15453831|1|0|0|1|0|||0|7
Rectangle 2431|16|1678449600|1678489200|1.05783|1.05826|15570276|1|0|0|1|0|||0|7
Rectangle 24311|16|1673361780|1673391600|1.07158|1.07198|15570276|1|0|0|1|0|||0|7
Rectangle 24353|16|1673364600|1673371800|1.07029|1.07003|0|1|2|0|0|0|||0|7
Rectangle 24416|16|1669888740|1669937400|1.04047|1.03943|15570276|1|0|0|1|0|||0|7
Rectangle 24509|16|1681819200|1681866000|1.09738|1.09810|15453831|1|0|0|1|0|||0|7
Rectangle 24593|16|1668184560|1668207600|1.02812|1.02673|15570276|1|0|0|1|0|||0|7
Rectangle 24633|16|1679326020|1679353200|1.07083|1.07157|15570276|1|0|0|1|0|||0|7
Rectangle 24745|16|1667989260|1668034800|1.00813|1.00854|15570276|1|0|0|1|0|||0|7
Rectangle 24763|16|1685096400|1685098200|1.07406|1.07431|15570276|1|0|0|1|0|||0|7
Rectangle 2485|16|1670587680|1670628600|1.05665|1.05632|15453831|1|0|0|1|0|||0|7
Rectangle 24938|16|1671518700|1671525900|1.05781|1.05760|0|1|2|0|0|0|||0|7
Rectangle 24942|16|1671507900|1671515100|1.06595|1.06571|0|1|2|0|0|0|||0|7
Rectangle 24979|16|1677753600|1677800100|1.06316|1.06265|15453831|1|0|0|1|0|||0|7
Rectangle 24986|16|1671512700|1671577200|1.06331|1.06494|15570276|1|0|0|1|0|||0|7
Rectangle 25|16|1676014200|1676021400|1.07668|1.07645|0|1|2|0|0|0|||0|7
Rectangle 25048|16|1679330040|1679357340|1.07240|1.07286|15570276|1|0|0|1|0|||0|7
Rectangle 25429|16|1692984600|1692991800|1.08490|1.08472|0|1|2|0|0|0|||0|7
Rectangle 25441|16|1692959400|1692966600|1.08255|1.08238|0|1|2|0|0|0|||0|7
Rectangle 25449|16|1661409900|1661417100|1.00319|1.00274|0|1|2|0|0|0|||0|7
Rectangle 2553|16|1669796100|1669803300|1.03285|1.03250|0|1|2|0|0|0|||0|7
Rectangle 25717|16|1688043600|1688050800|1.09448|1.09431|0|1|2|0|0|0|||0|7
Rectangle 25793|16|1669606740|1669676400|1.03527|1.03440|15570276|1|0|0|1|0|||0|7
Rectangle 25806|16|1668405600|1668412800|1.02654|1.02603|0|1|2|0|0|0|||0|7
Rectangle 2586|16|1665478800|1665529200|0.96848|0.96903|2139610|1|0|0|1|0|||0|7
Rectangle 259|16|1679563680|1679612400|1.09198|1.09299|15570276|1|0|0|1|0|||0|7
Rectangle 25936|16|1675788480|1675810800|1.06856|1.06798|15570276|1|0|0|1|0|||0|7
Rectangle 26107|16|1740697200|1790458800|1.04197|1.04375|16777215|3|0|0|1|0|27.2.25||0|0
Rectangle 26173|16|1682063100|1682070300|1.09368|1.09351|0|1|2|0|0|0|||0|7
Rectangle 26177|16|1682088300|1682095500|1.09386|1.09368|0|1|2|0|0|0|||0|7
Rectangle 26210|16|1663669800|1663714800|1.00348|1.00420|36095|1|0|0|1|0|||0|7
Rectangle 26308|16|1667997000|1668004200|1.01017|1.00970|0|1|2|0|0|0|||0|7
Rectangle 26319|16|1699394340|1699407000|1.06959|1.06951|15570276|1|0|0|1|0|||0|7
Rectangle 26326|16|1672839000|1672846200|1.05640|1.05600|0|1|2|0|0|0|||0|7
Rectangle 26363|16|1675329900|1675378800|1.10028|1.09993|15453831|1|0|0|1|0|||0|7
Rectangle 2644|16|1669798800|1669827600|1.03394|1.03437|15570276|1|0|0|1|0|||0|7
Rectangle 26479|16|1696496400|1696536000|1.05173|1.05209|15453831|1|0|0|1|0|||0|7
Rectangle 26607|16|1668776760|1668812400|1.03802|1.03748|15453831|1|0|0|1|0|||0|7
Rectangle 26688|16|1675264920|1675292400|1.09041|1.09069|15453831|1|0|0|1|0|||0|7
Rectangle 26807|16|1698663600|1698710400|1.05548|1.05497|15453831|1|0|0|1|0|||0|7
Rectangle 2687|16|1670587500|1670587980|1.05717|1.05707|42495|1|0|0|1|0|||0|1
Rectangle 26884|16|1670415540|1670454000|1.04942|1.04988|15570276|1|0|0|1|0|||0|7
Rectangle 26887|16|1679285700|1679292900|1.06228|1.06194|0|1|2|0|0|0|||0|7
Rectangle 26924|16|1679049000|1679056200|1.06754|1.06719|0|1|2|0|0|0|||0|7
Rectangle 26967|16|1662544800|1662552000|0.99480|0.99435|0|1|2|0|0|0|||0|7
Rectangle 2708|16|1670586900|1670587380|1.05513|1.05503|42495|1|0|0|1|0|||0|1
Rectangle 27176|16|1677154500|1677161700|1.05846|1.05827|0|1|2|0|0|0|||0|7
Rectangle 27180|16|1677179700|1677186900|1.05771|1.05751|0|1|2|0|0|0|||0|7
Rectangle 27209|16|1677230100|1677237300|1.05731|1.05711|0|1|2|0|0|0|||0|7
Rectangle 27237|16|1677164400|1677171600|1.06315|1.06296|0|1|2|0|0|0|||0|7
Rectangle 27242|16|1677202200|1677209400|1.06300|1.06280|0|1|2|0|0|0|||0|7
Rectangle 27325|16|1679322600|1679329800|1.07359|1.07325|0|1|2|0|0|0|||0|7
Rectangle 2738|16|1739403300|1790568000|1.03620|1.03828|15453831|3|0|0|1|0|12.2.25||0|0
Rectangle 27426|16|1679396760|1679442000|1.07245|1.07320|15570276|1|0|0|1|0|||0|7
Rectangle 27450|16|1744239600|1798521300|1.10218|1.10554|16777215|3|0|0|1|0|9.4.25||0|0
Rectangle 27566|16|1670379300|1670386500|1.04472|1.04443|0|1|2|0|0|0|||0|7
Rectangle 27568|16|1670429700|1670436900|1.04573|1.04544|0|1|2|0|0|0|||0|7
Rectangle 27641|16|1669629660|1669676400|1.03734|1.03680|15570276|1|0|0|1|0|||0|7
Rectangle 2770|16|1672225560|1672268400|1.06346|1.06324|15570276|1|0|0|1|0|||0|7
Rectangle 27736|16|1696240800|1696284000|1.05915|1.05851|15453831|1|0|0|1|0|||0|7
Rectangle 27768|16|1669597200|1669604400|1.04229|1.04194|0|1|2|0|0|0|||0|7
Rectangle 27799|16|1669604400|1669611600|1.03411|1.03388|0|1|2|0|0|0|||0|7
Rectangle 28|16|1672999740|1673000220|1.05322|1.05316|42495|1|0|0|1|0|||0|1
Rectangle 28042|16|1680238800|1680246000|1.09291|1.09275|0|1|2|0|0|0|||0|7
Rectangle 28142|16|1698138000|1698142800|1.06807|1.06769|15453831|1|0|0|1|0|||0|7
Rectangle 28169|16|1677492000|1677501000|1.05575|1.05532|15570276|1|0|0|1|0|||0|7
Rectangle 28200|16|1674230400|1674237600|1.08012|1.07993|0|1|2|0|0|0|||0|7
Rectangle 28335|16|1672250340|1672268400|1.06201|1.06145|15570276|1|0|0|1|0|||0|7
Rectangle 28395|16|1698400800|1698448500|1.05556|1.05533|15453831|1|0|0|1|0|||0|7
Rectangle 28412|16|1670416980|1670455560|1.04962|1.05010|15453831|1|0|0|1|0|||0|7
Rectangle 28485|16|1665570480|1665615600|0.97159|0.96961|2139610|1|0|0|1|0|||0|7
Rectangle 28490|16|1679398560|1679443200|1.07343|1.07374|15570276|1|0|0|1|0|||0|7
Rectangle 28568|16|1674742560|1674774000|1.08918|1.08868|15570276|1|0|0|1|0|||0|7
Rectangle 28590|16|1667470680|1667516400|0.97990|0.97866|2139610|1|0|0|1|0|||0|7
Rectangle 28631|16|1671789360|1671838200|1.06267|1.06300|15570276|1|0|0|1|0|||0|7
Rectangle 28667|16|1697551920|1697587080|1.05659|1.05697|15453831|1|0|0|1|0|||0|7
Rectangle 28745|16|1664455440|1664492400|0.96979|0.97068|2139610|1|0|0|1|0|||0|7
Rectangle 28803|16|1675789980|1675812300|1.06738|1.06700|15570276|1|0|0|1|0|||0|7
Rectangle 28809|16|1674480720|1674514800|1.08812|1.08853|15570276|1|0|0|1|0|||0|7
Rectangle 28852|16|1664454420|1664492400|0.96664|0.96740|36095|1|0|0|1|0|||0|7
Rectangle 28869|16|1674492300|1674499500|1.08449|1.08430|0|1|2|0|0|0|||0|7
Rectangle 28955|16|1673431740|1673478000|1.07432|1.07392|15570276|1|0|0|1|0|||0|7
Rectangle 28995|16|1669094100|1669101300|1.02358|1.02323|0|1|2|0|0|0|||0|7
Rectangle 29041|16|1669056300|1669063500|1.02234|1.02198|0|1|2|0|0|0|||0|7
Rectangle 29047|16|1678280100|1678316400|1.05428|1.05408|15570276|1|0|0|1|0|||0|7
Rectangle 29096|16|1666945800|1666998000|0.99916|0.99817|2139610|1|0|0|1|0|||0|7
Rectangle 29171|16|1669631160|1669678200|1.04006|1.04088|15570276|1|0|0|1|0|||0|7
Rectangle 29212|16|1669622400|1669629600|1.04268|1.04232|0|1|2|0|0|0|||0|7
Rectangle 29214|16|1669635000|1669642200|1.05016|1.04994|0|1|2|0|0|0|||0|7
Rectangle 29225|16|1669298400|1669305600|1.04438|1.04402|0|1|2|0|0|0|||0|7
Rectangle 29234|16|1669348800|1669356000|1.04383|1.04347|0|1|2|0|0|0|||0|7
Rectangle 29296|16|1668515880|1668524400|1.04242|1.04374|15570276|1|0|0|1|0|||0|7
Rectangle 29309|16|1673956800|1673996400|1.08175|1.08272|15570276|1|0|0|1|0|||0|7
Rectangle 29444|16|1668519000|1668526200|1.04883|1.04842|0|1|2|0|0|0|||0|7
Rectangle 29478|16|1670955300|1670962500|1.05261|1.05238|0|1|2|0|0|0|||0|7
Rectangle 29534|16|1661445000|1661452200|0.99508|0.99462|0|1|2|0|0|0|||0|7
Rectangle 29538|16|1662556500|1662563700|0.98776|0.98731|0|1|2|0|0|0|||0|7
Rectangle 29581|16|1677758160|1677799800|1.06227|1.06203|15570276|1|0|0|1|0|||0|7
Rectangle 29695|16|1698142500|1698188580|1.06942|1.06832|15453831|1|0|0|1|0|||0|7
Rectangle 29703|16|1678875600|1678921200|1.07362|1.07446|15453831|1|0|0|1|0|||0|7
Rectangle 2979|16|1675700100|1675724400|1.07522|1.07494|15453831|1|0|0|1|0|||0|7
Rectangle 29852|16|1664989200|1665014400|0.98771|0.98518|2139610|1|0|0|1|0|||0|7
Rectangle 30080|16|1666883700|1666890900|0.99582|0.99554|0|1|2|0|0|0|||0|7
Rectangle 30090|16|1666945800|1666953000|0.99560|0.99532|0|1|2|0|0|0|||0|7
Rectangle 3029|16|1670585220|1670585700|1.05473|1.05461|42495|1|0|0|1|0|||0|1
Rectangle 3034|16|1670583540|1670584020|1.05547|1.05535|42495|1|0|0|1|0|||0|1
Rectangle 3036|16|1670581800|1670582280|1.05612|1.05597|42495|1|0|0|1|0|||0|1
Rectangle 30368|16|1671791280|1671836400|1.06073|1.06039|15570276|1|0|0|1|0|||0|7
Rectangle 3042|16|1670582460|1670582940|1.05766|1.05756|42495|1|0|0|1|0|||0|1
Rectangle 30425|16|1671788700|1671795900|1.05896|1.05875|0|1|2|0|0|0|||0|7
Rectangle 3044|16|1670584140|1670584620|1.05730|1.05720|42495|1|0|0|1|0|||0|1
Rectangle 3047|16|1670585820|1670586300|1.05724|1.05712|42495|1|0|0|1|0|||0|1
Rectangle 3055|16|1701783000|1701824400|1.08235|1.08267|15453831|1|0|0|1|0|||0|7
Rectangle 30623|16|1669632060|1669676400|1.04274|1.04353|15570276|1|0|0|1|0|||0|7
Rectangle 30653|16|1673389800|1673397000|1.07140|1.07114|0|1|2|0|0|0|||0|7
Rectangle 30656|16|1673402400|1673409600|1.07140|1.07114|0|1|2|0|0|0|||0|7
Rectangle 30661|16|1673427600|1673434800|1.07179|1.07153|0|1|2|0|0|0|||0|7
Rectangle 3076|16|1663569900|1663577100|0.99617|0.99586|0|1|2|0|0|0|||0|7
Rectangle 30804|16|1680775500|1680824700|1.09073|1.09123|15453831|1|0|0|1|0|||0|7
Rectangle 3083|16|1676540700|1676547900|1.06852|1.06832|0|1|2|0|0|0|||0|7
Rectangle 3089|16|1677600240|1677625200|1.06367|1.06393|15570276|1|0|0|1|0|||0|7
Rectangle 30955|16|1671725700|1671732900|1.05853|1.05832|0|1|2|0|0|0|||0|7
Rectangle 30966|16|1669087500|1669110300|1.02633|1.02681|15570276|1|0|0|1|0|||0|7
Rectangle 3116|16|1665741600|1665788400|0.97820|0.97879|36095|1|0|0|1|0|||0|7
Rectangle 31224|16|1667990700|1667997900|1.00199|1.00153|0|1|2|0|0|0|||0|7
Rectangle 31291|16|1670943000|1670972400|1.05507|1.05473|15570276|1|0|0|1|0|||0|7
Rectangle 31449|16|1669370400|1669375800|1.04113|1.04079|15570276|1|0|0|1|0|||0|7
Rectangle 31513|16|1671012300|1671058800|1.06287|1.06212|15570276|1|0|0|1|0|||0|7
Rectangle 31522|16|1669368600|1669375800|1.03798|1.03763|0|1|2|0|0|0|||0|7
Rectangle 31531|16|1667995080|1668034800|1.00499|1.00407|15570276|1|0|0|1|0|||0|7
Rectangle 31561|16|1671741000|1671748200|1.06415|1.06394|0|1|2|0|0|0|||0|7
Rectangle 31601|16|1675072800|1675119600|1.08768|1.08625|15570276|1|0|0|1|0|||0|7
Rectangle 31658|16|1673434860|1673479800|1.07323|1.07275|15570276|1|0|0|1|0|||0|7
Rectangle 31774|16|1663608240|1663628400|0.99940|0.99986|36095|1|0|0|1|0|||0|7
Rectangle 31829|16|1663605900|1663613100|1.00131|1.00100|0|1|2|0|0|0|||0|7
Rectangle 31832|16|1682087040|1682137920|1.09738|1.09802|15453831|1|0|0|1|0|||0|7
Rectangle 32032|16|1669122000|1669129200|1.02937|1.02923|0|1|2|0|0|0|||0|7
Rectangle 32124|16|1667409240|1667430000|0.98886|0.98845|2139610|1|0|0|1|0|||0|7
Rectangle 32176|16|1667403000|1667410200|0.98623|0.98595|0|1|2|0|0|0|||0|7
Rectangle 32230|16|1759359600|1766896800|1.17347|1.17564|16777215|3|0|0|1|0|1.10.25||0|0
Rectangle 32255|16|1680234840|1680303600|1.09092|1.09152|15453831|1|0|0|1|0|||0|7
Rectangle 32277|16|1669372080|1669419060|1.04214|1.04278|15570276|1|0|0|1|0|||0|7
Rectangle 32357|16|1674837900|1674845100|1.08368|1.08349|0|1|2|0|0|0|||0|7
Rectangle 32367|16|1669634340|1669676400|1.04470|1.04554|15570276|1|0|0|1|0|||0|7
Rectangle 32368|16|1675061100|1675068300|1.08495|1.08476|0|1|2|0|0|0|||0|7
Rectangle 32564|16|1678878180|1678924140|1.07358|1.07408|15570276|1|0|0|1|0|||0|7
Rectangle 32565|16|1669044540|1669049100|1.02465|1.02536|15570276|1|0|0|1|0|||0|7
Rectangle 32581|16|1678878960|1678924860|1.07303|1.07268|15570276|1|0|0|1|0|||0|7
Rectangle 32617|16|1679403300|1679439600|1.07437|1.07476|15570276|1|0|0|1|0|||0|7
Rectangle 32708|16|1672845360|1672873200|1.05995|1.05950|15570276|1|0|0|1|0|||0|7
Rectangle 32738|16|1663936980|1663974000|0.97364|0.97457|2139610|1|0|0|1|0|||0|7
Rectangle 32769|16|1666350000|1666357200|0.97323|0.97295|0|1|2|0|0|0|||0|7
Rectangle 32777|16|1666951200|1666998000|0.99698|0.99642|2139610|1|0|0|1|0|||0|7
Rectangle 32965|16|1680501360|1680562800|1.07918|1.07974|15453831|1|0|0|1|0|||0|7
Rectangle 33023|16|1680516000|1680562800|1.08151|1.08177|15453831|1|0|0|1|0|||0|7
Rectangle 33027|16|1670982300|1670989500|1.06577|1.06553|0|1|2|0|0|0|||0|7
Rectangle 3304|16|1682518320|1682565180|1.10324|1.10383|15453831|1|0|0|1|0|||0|7
Rectangle 33040|16|1671020100|1671027300|1.06751|1.06728|0|1|2|0|0|0|||0|7
Rectangle 33052|16|1670993100|1671000300|1.05894|1.05871|0|1|2|0|0|0|||0|7
Rectangle 33055|16|1671005700|1671012900|1.05894|1.05871|0|1|2|0|0|0|||0|7
Rectangle 33056|16|1666671300|1666738800|0.98776|0.98918|2139610|1|0|0|1|0|||0|7
Rectangle 33135|16|1701682200|1701691200|1.08624|1.08648|15453831|1|0|0|1|0|||0|7
Rectangle 33143|16|1671789660|1671838560|1.06214|1.06265|15570276|1|0|0|1|0|||0|7
Rectangle 33178|16|1666686600|1666693800|0.98475|0.98447|0|1|2|0|0|0|||0|7
Rectangle 33182|16|1667996940|1668034800|1.00392|1.00341|15570276|1|0|0|1|0|||0|7
Rectangle 3319|16|1747954800|1797855300|1.12818|1.12996|16777215|3|0|0|1|0|22.5.25||0|0
Rectangle 33251|16|1680256860|1680307140|1.09046|1.09109|15570276|1|0|0|1|0|||0|7
Rectangle 33272|16|1667474880|1667516400|0.97702|0.97632|2139610|1|0|0|1|0|||0|7
Rectangle 33507|16|1758671700|1766574900|1.17883|1.17996|16777215|3|0|0|1|0|23.9.25||0|0
Rectangle 33523|16|1672911900|1672959600|1.06013|1.05958|15570276|1|0|0|1|0|||0|7
Rectangle 33565|16|1667214120|1667257200|0.99299|0.99218|2139610|1|0|0|1|0|||0|7
Rectangle 3360|16|1670578380|1670578860|1.05848|1.05839|42495|1|0|0|1|0|||0|1
Rectangle 33621|16|1671008400|1671058800|1.06355|1.06383|15570276|1|0|0|1|0|||0|7
Rectangle 33671|16|1665050400|1665097200|0.99016|0.98966|2139610|1|0|0|1|0|||0|7
Rectangle 33687|16|1679928600|1679975880|1.07765|1.07809|15453831|1|0|0|1|0|||0|7
Rectangle 33722|16|1680188400|1680233880|1.08788|1.08886|15453831|1|0|0|1|0|||0|7
Rectangle 33780|16|1671729840|1671730320|1.06127|1.06115|42495|1|0|0|1|0|||0|1
Rectangle 33812|16|1671732360|1671732840|1.06088|1.06077|42495|1|0|0|1|0|||0|1
Rectangle 33818|16|1671729960|1671730440|1.05893|1.05881|42495|1|0|0|1|0|||0|1
Rectangle 33821|16|1671731640|1671732120|1.05923|1.05911|42495|1|0|0|1|0|||0|1
Rectangle 33858|16|1680518280|1680564600|1.08337|1.08406|15453831|1|0|0|1|0|||0|7
Rectangle 33905|16|1665049500|1665056700|0.98708|0.98662|0|1|2|0|0|0|||0|7
Rectangle 33914|16|1665049500|1665056700|0.98708|0.98662|0|1|2|0|0|0|||0|7
Rectangle 33915|16|1665043200|1665050400|0.99560|0.99513|0|1|2|0|0|0|||0|7
Rectangle 33920|16|1665068400|1665075600|0.99557|0.99510|0|1|2|0|0|0|||0|7
Rectangle 34199|16|1672914600|1672921800|1.05849|1.05829|0|1|2|0|0|0|||0|7
Rectangle 34279|16|1669831200|1669849200|1.02932|1.02989|15570276|1|0|0|1|0|||0|7
Rectangle 34388|16|1669826520|1669851000|1.03832|1.03997|15453831|1|0|0|1|0|||0|7
Rectangle 34421|16|1680255900|1680303600|1.09010|1.09053|15453831|1|0|0|1|0|||0|7
Rectangle 34495|16|1764891900|1767342600|1.16687|1.16747|15453831|3|0|0|1|0|4.12.25||0|0
Rectangle 34499|16|1679410800|1679418000|1.07926|1.07907|0|1|2|0|0|0|||0|7
Rectangle 34530|16|1672848000|1672875840|1.06125|1.06024|15570276|1|0|0|1|0|||0|7
Rectangle 34569|16|1676363400|1676370600|1.07088|1.07068|0|1|2|0|0|0|||0|7
Rectangle 34583|16|1676381400|1676388600|1.08083|1.08064|0|1|2|0|0|0|||0|7
Rectangle 34590|16|1676388600|1676395800|1.07041|1.07021|0|1|2|0|0|0|||0|7
Rectangle 34597|16|1676452500|1676459700|1.06997|1.06977|0|1|2|0|0|0|||0|7
Rectangle 34683|16|1682416800|1682462700|1.10450|1.10517|15453831|1|0|0|1|0|||0|7
Rectangle 34727|16|1670423220|1670454000|1.05028|1.05086|15453831|1|0|0|1|0|||0|7
Rectangle 34770|16|1670448600|1670455800|1.05441|1.05417|0|1|2|0|0|0|||0|7
Rectangle 34780|16|1681894800|1681945200|1.09608|1.09678|15453831|1|0|0|1|0|||0|7
Rectangle 3486|16|1670580900|1670581380|1.05799|1.05790|42495|2|0|0|0|0|||0|1
Rectangle 34867|16|1664528400|1664578800|0.98240|0.98337|2139610|1|0|0|1|0|||0|7
Rectangle 34966|16|1671799680|1671836400|1.06211|1.06150|15453831|1|0|0|1|0|||0|7
Rectangle 34981|16|1674782100|1674789300|1.09149|1.09130|0|1|2|0|0|0|||0|7
Rectangle 34985|16|1674807300|1674814500|1.09070|1.09051|0|1|2|0|0|0|||0|7
Rectangle 34999|16|1674750600|1674757800|1.08498|1.08479|0|1|2|0|0|0|||0|7
Rectangle 35020|16|1674774900|1674782100|1.08582|1.08563|0|1|2|0|0|0|||0|7
Rectangle 35040|16|1674800100|1674807300|1.08555|1.08536|0|1|2|0|0|0|||0|7
Rectangle 35170|16|1669112760|1669158000|1.02618|1.02785|15453831|1|0|0|1|0|||0|7
Rectangle 35210|16|1666706700|1666738800|0.98544|0.98486|2139610|1|0|0|1|0|||0|7
Rectangle 35335|16|1672914360|1672962480|1.06280|1.06193|15570276|1|0|0|1|0|||0|7
Rectangle 35341|16|1664791200|1664838000|0.97981|0.97870|2139610|1|0|0|1|0|||0|7
Rectangle 35364|16|1664787120|1664838000|0.98201|0.98348|2139610|1|0|0|1|0|||0|7
Rectangle 35426|16|1664781300|1664788500|0.98455|0.98408|0|1|2|0|0|0|||0|7
Rectangle 35518|16|1677255300|1677262500|1.05351|1.05331|0|1|2|0|0|0|||0|7
Rectangle 35532|16|1677280500|1677460500|1.05384|1.05364|0|1|2|0|0|0|||0|7
Rectangle 35545|16|1677478500|1677485700|1.05328|1.05309|0|1|2|0|0|0|||0|7
Rectangle 35691|16|1679405940|1679442240|1.07508|1.07556|15570276|1|0|0|1|0|||0|7
Rectangle 3585|16|1673537400|1673544600|1.08506|1.08487|0|1|2|0|0|0|||0|7
Rectangle 36038|16|1669892400|1669935600|1.04468|1.04428|15570276|1|0|0|1|0|||0|7
Rectangle 3605|16|1673575200|1673582400|1.08724|1.08705|0|1|2|0|0|0|||0|7
Rectangle 36065|16|1672330500|1672337700|1.06272|1.06252|0|1|2|0|0|0|||0|7
Rectangle 3613|16|1670575920|1670576400|1.05646|1.05637|42495|2|0|0|0|0|||0|1
Rectangle 3619|16|1670580120|1670580600|1.05622|1.05608|42495|1|0|0|1|0|||0|1
Rectangle 36190|16|1664202240|1664233200|0.96199|0.96270|2139610|1|0|0|1|0|||0|7
Rectangle 36211|16|1671472020|1671490800|1.05784|1.05876|15570276|1|0|0|1|0|||0|7
Rectangle 3623|16|1670578440|1670578920|1.05639|1.05624|42495|1|0|0|1|0|||0|1
Rectangle 3627|16|1667295000|1667302200|0.98823|0.98795|0|1|2|0|0|0|||0|7
Rectangle 36270|16|1738623600|1790568000|1.02595|1.02827|11119017|3|0|0|1|0|3.2.25||0|0
Rectangle 36350|16|1669376460|1669417200|1.04111|1.04170|15453831|1|0|0|1|0|||0|7
Rectangle 36367|16|1743634800|1798566300|1.08429|1.08596|11119017|3|0|0|1|0|2.4.25||0|0
Rectangle 3639|16|1667352600|1667359800|0.98578|0.98550|0|1|2|0|0|0|||0|7
Rectangle 36417|16|1669637880|1669676400|1.04587|1.04649|15570276|1|0|0|1|0|||0|7
Rectangle 36461|16|1674488340|1674514800|1.08631|1.08552|15570276|1|0|0|1|0|||0|7
Rectangle 36545|16|1692710760|1692753300|1.08879|1.08913|15453831|1|0|0|1|0|||0|7
Rectangle 36625|16|1698668520|1698714900|1.05819|1.05794|42495|1|0|0|1|0|||0|7
Rectangle 36711|16|1674511200|1674518400|1.08411|1.08392|0|1|2|0|0|0|||0|7
Rectangle 36718|16|1674537300|1674544500|1.08560|1.08541|0|1|2|0|0|0|||0|7
Rectangle 36731|16|1674524700|1674531900|1.09022|1.09003|0|1|2|0|0|0|||0|7
Rectangle 36743|16|1674549900|1674557100|1.09098|1.09079|0|1|2|0|0|0|||0|7
Rectangle 36748|16|1668524820|1668553200|1.04024|1.04070|15453831|1|0|0|1|0|||0|7
Rectangle 3686|16|1673591400|1673598600|1.07801|1.07781|0|1|2|0|0|0|||0|7
Rectangle 3689|16|1677664560|1677711600|1.06350|1.06425|15570276|1|0|0|1|0|||0|7
Rectangle 36995|16|1674553740|1674601200|1.08884|1.08925|15570276|1|0|0|1|0|||0|7
Rectangle 37142|16|1697619600|1697666400|1.05812|1.05859|15453831|1|0|0|1|0|||0|7
Rectangle 37158|16|1670424900|1670455680|1.05211|1.05343|15453831|1|0|0|1|0|||0|7
Rectangle 37326|16|1764632700|1767114000|1.16380|1.16490|16777215|3|0|0|1|0|1.12.25||0|0
Rectangle 37451|16|1747177200|1798469700|1.11448|1.11647|11119017|3|0|0|1|0|13.5.25||0|0
Rectangle 37472|16|1681898400|1681948680|1.09564|1.09610|15570276|1|0|0|1|0|||0|7
Rectangle 37521|16|1678290000|1678318200|1.05423|1.05392|15453831|1|0|0|1|0|||0|7
Rectangle 37596|16|1669050000|1669071600|1.02562|1.02624|15570276|1|0|0|1|0|||0|7
Rectangle 37785|16|1675340760|1675378800|1.09863|1.09817|15570276|1|0|0|1|0|||0|7
Rectangle 37800|16|1664198100|1664205300|0.95751|0.95676|0|1|2|0|0|0|||0|7
Rectangle 37815|16|1677761940|1677798000|1.06157|1.06128|15570276|1|0|0|1|0|||0|7
Rectangle 37890|16|1674555300|1674602760|1.08885|1.08813|15453831|1|0|0|1|0|||0|7
Rectangle 37935|16|1674562500|1674569700|1.08482|1.08463|0|1|2|0|0|0|||0|7
Rectangle 3799|16|1677665700|1677672900|1.06658|1.06645|0|1|2|0|0|0|||0|7
Rectangle 38325|16|1666976400|1666983600|0.99244|0.99216|0|1|2|0|0|0|||0|7
Rectangle 38330|16|1667187000|1667194200|0.99296|0.99268|0|1|2|0|0|0|||0|7
Rectangle 38334|16|1667212200|1667219400|0.99151|0.99123|0|1|2|0|0|0|||0|7
Rectangle 38362|16|1681857000|1681864200|1.09450|1.09433|0|1|2|0|0|0|||0|7
Rectangle 38366|16|1736809200|1790568000|1.01917|1.02056|11119017|3|0|0|1|0|13.1.25||0|0
Rectangle 38369|16|1681894800|1681902000|1.09277|1.09260|0|1|2|0|0|0|||0|7
Rectangle 38377|16|1681881300|1681888500|1.09454|1.09436|0|1|2|0|0|0|||0|7
Rectangle 38378|16|1666967400|1666974600|1.00009|0.99981|0|1|2|0|0|0|||0|7
Rectangle 38381|16|1666992600|1666999800|0.99960|0.99933|0|1|2|0|0|0|||0|7
Rectangle 38408|16|1762299000|1765935000|1.14731|1.14804|11119017|3|0|0|1|0|4.11.25||0|0
Rectangle 38497|16|1669374000|1669381200|1.04387|1.04352|0|1|2|0|0|0|||0|7
Rectangle 38660|16|1672387140|1672441200|1.06426|1.06477|15570276|1|0|0|1|0|||0|7
Rectangle 38679|16|1680523320|1680570420|1.08458|1.08540|15453831|1|0|0|1|0|||0|7
Rectangle 38690|16|1675080300|1675119600|1.09071|1.09125|15570276|1|0|0|1|0|||0|7
Rectangle 38691|16|1672392720|1672441200|1.06400|1.06389|15570276|1|0|0|1|0|||0|7
Rectangle 38696|16|1669377060|1669417200|1.03901|1.03828|15570276|1|0|0|1|0|||0|7
Rectangle 38717|16|1680537600|1680544800|1.09216|1.09175|0|1|2|0|0|0|||0|7
Rectangle 38726|16|1671530580|1671577200|1.06209|1.06252|15570276|1|0|0|1|0|||0|7
Rectangle 38738|16|1680487200|1680494400|1.08559|1.08531|0|1|2|0|0|0|||0|7
Rectangle 38747|16|1670492760|1670542200|1.05253|1.05233|15570276|1|0|0|1|0|||0|7
Rectangle 38775|16|1675077840|1675119600|1.08882|1.08950|15570276|1|0|0|1|0|||0|7
Rectangle 38858|16|1698939000|1698994800|1.06581|1.06467|15453831|1|0|0|1|0|||0|7
Rectangle 38885|16|1672355700|1672362900|1.06275|1.06255|0|1|2|0|0|0|||0|7
Rectangle 38888|16|1666173600|1666220400|0.98293|0.98233|2139610|1|0|0|1|0|||0|7
Rectangle 38932|16|1669640700|1669676400|1.04873|1.04933|15570276|1|0|0|1|0|||0|7
Rectangle 38986|16|1679999400|1680006600|1.08467|1.08445|0|1|2|0|0|0|||0|7
Rectangle 390|16|1678122300|1678149900|1.06748|1.06791|15570276|1|0|0|1|0|||0|7
Rectangle 39001|16|1679974200|1679981400|1.08263|1.08228|0|1|2|0|0|0|||0|7
Rectangle 39257|16|1712830500|1712833200|1.07446|1.07415|15453831|1|0|0|1|0|||0|7
Rectangle 39323|16|1678884180|1678921200|1.06806|1.06659|15570276|1|0|0|1|0|||0|7
Rectangle 39332|16|1672365600|1672372800|1.06824|1.06803|0|1|2|0|0|0|||0|7
Rectangle 39349|16|1696251300|1696294500|1.05380|1.05347|15453831|1|0|0|1|0|||0|7
Rectangle 39372|16|1758152400|1766286900|1.18502|1.18754|11119017|3|0|0|1|0|17.9.25||0|0
Rectangle 39431|16|1669906800|1669914000|1.05375|1.05351|0|1|2|0|0|0|||0|7
Rectangle 39522|16|1698677160|1698724140|1.05942|1.05886|15453831|1|0|0|1|0|||0|7
Rectangle 39531|16|1679999220|1680046200|1.08228|1.08282|15453831|1|0|0|1|0|||0|7
Rectangle 39581|16|1664204460|1664233200|0.96317|0.96425|2139610|1|0|0|1|0|||0|7
Rectangle 3960|16|1731538800|1790782200|1.06236|1.06535|16777215|3|0|0|1|0|13.11.24||0|0
Rectangle 39611|16|1678805100|1678812300|1.06732|1.06713|0|1|2|0|0|0|||0|7
Rectangle 39651|16|1666101120|1666134000|0.98180|0.98139|2139610|1|0|0|1|0|||0|7
Rectangle 39662|16|1667482200|1667516400|0.97421|0.97379|2139610|1|0|0|1|0|||0|7
Rectangle 39674|16|1672328580|1672354800|1.06570|1.06641|15570276|1|0|0|1|0|||0|7
Rectangle 39789|16|1672407360|1672441200|1.06914|1.06963|15570276|1|0|0|1|0|||0|7
Rectangle 39790|16|1677768480|1677804540|1.06142|1.06098|15453831|1|0|0|1|0|||0|7
Rectangle 39871|16|1668592680|1668639600|1.04064|1.04142|15570276|1|0|0|1|0|||0|7
Rectangle 39948|16|1668585600|1668592800|1.04453|1.04403|0|1|2|0|0|0|||0|7
Rectangle 39951|16|1668573000|1668580200|1.04457|1.04406|0|1|2|0|0|0|||0|7
Rectangle 40013|16|1666172700|1666179900|0.98091|0.98063|0|1|2|0|0|0|||0|7
Rectangle 40041|16|1680000480|1680047940|1.08296|1.08342|15453831|1|0|0|1|0|||0|7
Rectangle 40043|16|1664270340|1664319600|0.96630|0.96678|2139610|1|0|0|1|0|||0|7
Rectangle 40094|16|1679934360|1679981640|1.07878|1.07933|15453831|1|0|0|1|0|||0|7
Rectangle 40108|16|1668567600|1668574800|1.03111|1.03061|0|1|2|0|0|0|||0|7
Rectangle 40111|16|1668606300|1668613500|1.03603|1.03552|0|1|2|0|0|0|||0|7
Rectangle 40131|16|1671019200|1671058800|1.06606|1.06655|15570276|1|0|0|1|0|||0|7
Rectangle 4026|16|1669802820|1669849200|1.03567|1.03602|15570276|1|0|0|1|0|||0|7
Rectangle 40269|16|1679407200|1679443560|1.07611|1.07697|15570276|1|0|0|1|0|||0|7
Rectangle 40345|16|1674229800|1674255600|1.08142|1.08040|15570276|1|0|0|1|0|||0|7
Rectangle 40517|16|1666107060|1666134000|0.98523|0.98452|2139610|1|0|0|1|0|||0|7
Rectangle 40536|16|1669122840|1669159800|1.02744|1.02852|15570276|1|0|0|1|0|||0|7
Rectangle 4066|16|1665747600|1665788400|0.97596|0.97564|2139610|1|0|0|1|0|||0|7
Rectangle 40721|16|1664207100|1664270100|0.96700|0.96792|2139610|1|0|0|1|0|||0|7
Rectangle 40757|16|1688106600|1688113800|1.08925|1.08908|0|1|2|0|0|0|||0|7
Rectangle 40997|16|1670428320|1670454000|1.05318|1.05435|15570276|1|0|0|1|0|||0|7
Rectangle 41048|16|1673967300|1673998500|1.08399|1.08491|15453831|1|0|0|1|0|||0|7
Rectangle 41129|16|1670228100|1670235300|1.04967|1.04928|0|1|2|0|0|0|||0|7
Rectangle 41135|16|1670240700|1670247900|1.05011|1.04972|0|1|2|0|0|0|||0|7
Rectangle 41211|16|1670210700|1670234400|1.05480|1.05638|15570276|1|0|0|1|0|||0|7
Rectangle 41212|16|1664289900|1664319600|0.96425|0.96479|2139610|1|0|0|1|0|||0|7
Rectangle 41216|16|1668527520|1668555000|1.04166|1.04338|15453831|1|0|0|1|0|||0|7
Rectangle 41252|16|1670230800|1670281200|1.05668|1.05714|15570276|1|0|0|1|0|||0|7
Rectangle 41347|16|1674033060|1674082800|1.07987|1.08072|15570276|1|0|0|1|0|||0|7
Rectangle 4140|16|1663582500|1663589700|0.99602|0.99571|0|1|2|0|0|0|||0|7
Rectangle 41416|16|1672111800|1672119000|1.06284|1.06263|0|1|2|0|0|0|||0|7
Rectangle 41578|16|1672911000|1672918200|1.06345|1.06324|0|1|2|0|0|0|||0|7
Rectangle 41624|16|1670235240|1670283000|1.05470|1.05339|15453831|1|0|0|1|0|||0|7
Rectangle 4163|16|1672751940|1672788600|1.05268|1.05210|15453831|1|0|0|1|0|||0|7
Rectangle 4175|16|1706698920|1706706000|1.08334|1.08237|15453831|1|0|0|1|0|||0|7
Rectangle 4183|16|1674652320|1674687600|1.08640|1.08606|15570276|1|0|0|1|0|||0|7
Rectangle 41956|16|1668782700|1668789900|1.03179|1.03144|0|1|2|0|0|0|||0|7
Rectangle 42047|16|1675869600|1675897200|1.07316|1.07282|15453831|1|0|0|1|0|||0|7
Rectangle 42058|16|1674035100|1674084600|1.08255|1.08341|15570276|1|0|0|1|0|||0|7
Rectangle 42104|16|1675875600|1675882800|1.07110|1.07087|0|1|2|0|0|0|||0|7
Rectangle 42147|16|1663684980|1663714800|0.99922|0.99960|2139610|1|0|0|1|0|||0|7
Rectangle 42203|16|1663678800|1663686000|0.99887|0.99853|0|1|2|0|0|0|||0|7
Rectangle 42265|16|1668070800|1668121200|1.00316|1.00258|15570276|1|0|0|1|0|||0|7
Rectangle 42307|16|1692715080|1692757620|1.08836|1.08844|15453831|1|0|0|1|0|||0|7
Rectangle 42413|16|1663952400|1663959600|0.98296|0.98262|0|1|2|0|0|0|||0|7
Rectangle 42532|16|1672390800|1672398000|1.06841|1.06819|0|1|2|0|0|0|||0|7
Rectangle 42612|16|1665055260|1665097200|0.98971|0.98862|2139610|1|0|0|1|0|||0|7
Rectangle 4265|16|1667896200|1667903400|1.00289|1.00242|0|1|2|0|0|0|||0|7
Rectangle 42678|16|1666109700|1666134000|0.98539|0.98599|36095|1|0|0|1|0|||0|7
Rectangle 42780|16|1741045500|1790652600|1.04724|1.04935|11119017|3|0|0|1|0|3.3.25||0|0
Rectangle 42783|16|1663749540|1663801200|0.99628|0.99647|2139610|1|0|0|1|0|||0|7
Rectangle 42935|16|1663683480|1663715880|1.00065|1.00127|2139610|1|0|0|1|0|||0|7
Rectangle 42975|16|1669654800|1669662000|1.03816|1.03781|0|1|2|0|0|0|||0|7
Rectangle 42978|16|1667221200|1667257200|0.99395|0.99466|2139610|1|0|0|1|0|||0|7
Rectangle 43132|16|1669644240|1669679940|1.04593|1.04678|15453831|1|0|0|1|0|||0|7
Rectangle 4314|16|1672750800|1672758000|1.05139|1.05118|0|1|2|0|0|0|||0|7
Rectangle 43262|16|1677753000|1677760200|1.06668|1.06648|0|1|2|0|0|0|||0|7
Rectangle 43265|16|1677778200|1677785400|1.06525|1.06506|0|1|2|0|0|0|||0|7
Rectangle 4328|16|1672999380|1673048040|1.05286|1.05210|15570276|1|0|0|1|0|||0|7
Rectangle 4333|16|1671692640|1671750000|1.06458|1.06473|15570276|1|0|0|1|0|||0|7
Rectangle 43379|16|1691139600|1691186400|1.09512|1.09573|15453831|1|0|0|1|0|||0|7
Rectangle 43394|16|1696543140|1696581900|1.05502|1.05516|15453831|1|0|0|1|0|||0|7
Rectangle 43397|16|1672135080|1672182000|1.06491|1.06435|15570276|1|0|0|1|0|||0|7
Rectangle 43460|16|1669906920|1669935600|1.04386|1.04349|15570276|1|0|0|1|0|||0|7
Rectangle 43507|16|1667224080|1667257200|0.99302|0.99276|36095|1|0|0|1|0|||0|7
Rectangle 43546|16|1668598200|1668605400|1.04470|1.04419|0|1|2|0|0|0|||0|7
Rectangle 4355|16|1677577500|1677584700|1.06316|1.06296|0|1|2|0|0|0|||0|7
Rectangle 43560|16|1669119840|1669158000|1.02826|1.02886|15453831|1|0|0|1|0|||0|7
Rectangle 4359|16|1677602700|1677609900|1.06489|1.06469|0|1|2|0|0|0|||0|7
Rectangle 43609|16|1668589200|1668639600|1.03780|1.03844|15570276|1|0|0|1|0|||0|7
Rectangle 43632|16|1681379880|1681425900|1.09769|1.09819|15453831|1|0|0|1|0|||0|7
Rectangle 43673|16|1663577820|1663628400|0.99814|0.99765|2139610|1|0|0|1|0|||0|7
Rectangle 43701|16|1674558000|1674605700|1.08748|1.08830|15570276|1|0|0|1|0|||0|7
Rectangle 43731|16|1663346700|1663353900|1.00440|1.00405|0|1|2|0|0|0|||0|7
Rectangle 43741|16|1680528360|1680575520|1.08658|1.08715|15453831|1|0|0|1|0|||0|7
Rectangle 43757|16|1674556200|1674604020|1.08748|1.08878|11829830|1|0|0|1|0|||0|7
Rectangle 4378|16|1664883000|1664890200|0.99183|0.99136|0|1|2|0|0|0|||0|7
Rectangle 43800|16|1677772380|1677798000|1.05866|1.05822|15453831|1|0|0|1|0|||0|7
Rectangle 43871|16|1681371000|1681378200|1.09637|1.09620|0|1|2|0|0|0|||0|7
Rectangle 43891|16|1674587700|1674594900|1.09048|1.09029|0|1|2|0|0|0|||0|7
Rectangle 43899|16|1666110780|1666134000|0.98758|0.98718|2139610|1|0|0|1|0|||0|7
Rectangle 43918|16|1663750860|1663764300|0.99322|0.99515|2139610|1|0|0|1|0|||0|7
Rectangle 44021|16|1675055700|1675062900|1.08944|1.08925|0|1|2|0|0|0|||0|7
Rectangle 44023|16|1675080900|1675088100|1.09151|1.09143|0|1|2|0|0|0|||0|7
Rectangle 44159|16|1664800260|1664838000|0.97832|0.97805|2139610|1|0|0|1|0|||0|7
Rectangle 44182|16|1669974000|1669977000|1.05364|1.05426|15570276|1|0|0|1|0|||0|7
Rectangle 44193|16|1677786300|1677793500|1.05753|1.05734|0|1|2|0|0|0|||0|7
Rectangle 44242|16|1672333260|1672354800|1.06452|1.06367|15453831|1|0|0|1|0|||0|7
Rectangle 44352|16|1669944600|1669951800|1.05420|1.05397|0|1|2|0|0|0|||0|7
Rectangle 44358|16|1673446680|1673478000|1.07330|1.07292|15453831|1|0|0|1|0|||0|7
Rectangle 44463|16|1668003300|1668010500|0.99867|0.99820|0|1|2|0|0|0|||0|7
Rectangle 44475|16|1668028500|1668035700|0.99874|0.99828|0|1|2|0|0|0|||0|7
Rectangle 44492|16|1667984400|1667991600|1.01013|1.00966|0|1|2|0|0|0|||0|7
Rectangle 44503|16|1675900800|1675908000|1.07035|1.07012|0|1|2|0|0|0|||0|7
Rectangle 44504|16|1669953600|1669960800|1.04832|1.04809|0|1|2|0|0|0|||0|7
Rectangle 4451|16|1675711800|1675719000|1.07049|1.07026|0|1|2|0|0|0|||0|7
Rectangle 44512|16|1675926000|1675933200|1.07098|1.07075|0|1|2|0|0|0|||0|7
Rectangle 44530|16|1668060000|1668067200|1.00615|1.00569|0|1|2|0|0|0|||0|7
Rectangle 44534|16|1675951200|1675958400|1.07150|1.07127|0|1|2|0|0|0|||0|7
Rectangle 44576|16|1672137000|1672144200|1.06283|1.06262|0|1|2|0|0|0|||0|7
Rectangle 4462|16|1674650700|1674657900|1.08532|1.08513|0|1|2|0|0|0|||0|7
Rectangle 44731|16|1679479200|1679526000|1.07715|1.07656|15570276|1|0|0|1|0|||0|7
Rectangle 44740|16|1697104800|1697149800|1.06331|1.06362|15453831|1|0|0|1|0|||0|7
Rectangle 44936|16|1677503700|1677510900|1.05348|1.05331|0|1|2|0|0|0|||0|7
Rectangle 45182|16|1672112700|1672119900|1.06667|1.06646|0|1|2|0|0|0|||0|7
Rectangle 45184|16|1672126200|1672133400|1.06709|1.06688|0|1|2|0|0|0|||0|7
Rectangle 45207|16|1668074400|1668121200|1.00012|0.99960|15570276|1|0|0|1|0|||0|7
Rectangle 45243|16|1698733620|1698789600|1.05990|1.05953|15453831|1|0|0|1|0|||0|7
Rectangle 45287|16|1668076200|1668083400|0.99356|0.99318|0|1|2|0|0|0|||0|7
Rectangle 45309|16|1669975200|1670022000|1.05197|1.05304|15570276|1|0|0|1|0|||0|7
Rectangle 45312|16|1673465400|1673472600|1.07273|1.07254|0|1|2|0|0|0|||0|7
Rectangle 45317|16|1696582800|1696620240|1.05344|1.05361|15453831|1|0|0|1|0|||0|7
Rectangle 45344|16|1669978800|1669986000|1.04785|1.04747|0|1|2|0|0|0|||0|7
Rectangle 45415|16|1677858420|1677884400|1.06246|1.06296|15570276|1|0|0|1|0|||0|7
Rectangle 45460|16|1670499660|1670540400|1.04984|1.04896|15570276|1|0|0|1|0|||0|7
Rectangle 45497|16|1670492700|1670499900|1.04802|1.04773|0|1|2|0|0|0|||0|7
Rectangle 45522|16|1670486400|1670493600|1.05392|1.05363|0|1|2|0|0|0|||0|7
Rectangle 45590|16|1669667400|1669674600|1.03290|1.03254|0|1|2|0|0|0|||0|7
Rectangle 45619|16|1669701600|1669708800|1.04205|1.04169|0|1|2|0|0|0|||0|7
Rectangle 45629|16|1669707900|1669715100|1.03371|1.03335|0|1|2|0|0|0|||0|7
Rectangle 45661|16|1669705080|1669762800|1.03914|1.03944|15570276|1|0|0|1|0|||0|7
Rectangle 45711|16|1663687680|1663714800|0.99664|0.99739|2139610|1|0|0|1|0|||0|7
Rectangle 45719|16|1686708000|1686715200|1.07747|1.07730|0|1|2|0|0|0|||0|7
Rectangle 45751|16|1679416200|1679452200|1.07827|1.07884|15570276|1|0|0|1|0|||0|7
Rectangle 45772|16|1677577500|1677625200|1.05890|1.05968|15570276|1|0|0|1|0|||0|7
Rectangle 45903|16|1663151400|1663158600|0.99602|0.99557|0|1|2|0|0|0|||0|7
Rectangle 45934|16|1663164900|1663172100|1.00481|1.00436|0|1|2|0|0|0|||0|7
Rectangle 46017|16|1671548580|1671577200|1.06061|1.05993|15570276|1|0|0|1|0|||0|7
Rectangle 4605|16|1698313620|1698361200|1.05443|1.05375|15453831|1|0|0|1|0|||0|7
Rectangle 46108|16|1667811600|1667862000|0.99413|0.99472|2139610|1|0|0|1|0|||0|7
Rectangle 46164|16|1698681480|1698727500|1.06085|1.06039|15570276|1|0|0|1|0|||0|7
Rectangle 46180|16|1671577200|1671584400|1.06517|1.06494|0|1|2|0|0|0|||0|7
Rectangle 46188|16|1675414800|1675465200|1.08980|1.08929|15570276|1|0|0|1|0|||0|7
Rectangle 46193|16|1671543900|1671551100|1.05867|1.05845|0|1|2|0|0|0|||0|7
Rectangle 46242|16|1667597400|1667604600|0.99780|0.99701|0|1|2|0|0|0|||0|7
Rectangle 46283|16|1675677600|1675724400|1.07828|1.07793|15570276|1|0|0|1|0|||0|7
Rectangle 46434|16|1677578400|1677626700|1.05946|1.06032|15453831|1|0|0|1|0|||0|7
Rectangle 46456|16|1680265800|1680273000|1.08542|1.08514|0|1|2|0|0|0|||0|7
Rectangle 46470|16|1668599940|1668639600|1.04194|1.04250|15570276|1|0|0|1|0|||0|7
Rectangle 46494|16|1667554440|1667602800|0.97966|0.97754|2139610|1|0|0|1|0|||0|7
Rectangle 46516|16|1680527400|1680574560|1.08530|1.08582|15570276|1|0|0|1|0|||0|7
Rectangle 46524|16|1697633400|1697680800|1.05697|1.05736|15453831|1|0|0|1|0|||0|7
Rectangle 46591|16|1678101540|1678143600|1.06411|1.06376|15570276|1|0|0|1|0|||0|7
Rectangle 46595|16|1680526800|1680534000|1.08028|1.07999|0|1|2|0|0|0|||0|7
Rectangle 46601|16|1680539400|1680546600|1.08099|1.08071|0|1|2|0|0|0|||0|7
Rectangle 4663|16|1679306640|1679353200|1.06418|1.06510|15570276|1|0|0|1|0|||0|7
Rectangle 46695|16|1670247000|1670254200|1.06008|1.05970|0|1|2|0|0|0|||0|7
Rectangle 46703|16|1671615060|1671633900|1.06282|1.06320|15570276|1|0|0|1|0|||0|7
Rectangle 46839|16|1665390780|1665442800|0.97274|0.97181|2139610|1|0|0|1|0|||0|7
Rectangle 4685|16|1671704220|1671750000|1.06482|1.06529|15570276|1|0|0|1|0|||0|7
Rectangle 46973|16|1698685260|1698731220|1.06182|1.06086|15453831|1|0|0|1|0|||0|7
Rectangle 47017|16|1673972040|1673996400|1.08555|1.08613|15570276|1|0|0|1|0|||0|7
Rectangle 47088|16|1671569100|1671576300|1.05944|1.05923|0|1|2|0|0|0|||0|7
Rectangle 47090|16|1671594300|1671601500|1.05970|1.05949|0|1|2|0|0|0|||0|7
Rectangle 47164|16|1671615000|1671622200|1.06462|1.06438|0|1|2|0|0|0|||0|7
Rectangle 4728|16|1664366940|1664406000|0.95583|0.95474|2139610|1|0|0|1|0|||0|7
Rectangle 47521|16|1668076260|1668121200|0.99954|0.99889|15570276|1|0|0|1|0|||0|7
Rectangle 47571|16|1665654960|1665702000|0.96992|0.96924|2139610|1|0|0|1|0|||0|7
Rectangle 4763|16|1679576400|1679583600|1.08539|1.08505|0|1|2|0|0|0|||0|7
Rectangle 4765|16|1697726160|1697766300|1.05621|1.05589|15453831|1|0|0|1|0|||0|7
Rectangle 4772|16|1679562000|1679569200|1.09372|1.09337|0|1|2|0|0|0|||0|7
Rectangle 4777|16|1671675300|1671682500|1.05985|1.05964|0|1|2|0|0|0|||0|7
Rectangle 47775|16|1669715280|1669762800|1.03776|1.03860|15570276|1|0|0|1|0|||0|7
Rectangle 47790|16|1669714200|1669721400|1.04205|1.04169|0|1|2|0|0|0|||0|7
Rectangle 47836|16|1668601800|1668640500|1.04266|1.04323|15570276|1|0|0|1|0|||0|7
Rectangle 47892|16|1669977600|1670022000|1.05360|1.05418|15570276|1|0|0|1|0|||0|7
Rectangle 4808|16|1671703200|1671710400|1.06637|1.06613|0|1|2|0|0|0|||0|7
Rectangle 48098|16|1677464100|1677471300|1.05845|1.05825|0|1|2|0|0|0|||0|7
Rectangle 48103|16|1677514500|1677521700|1.06249|1.06229|0|1|2|0|0|0|||0|7
Rectangle 48169|16|1669908600|1669937280|1.04848|1.04616|15453831|1|0|0|1|0|||0|7
Rectangle 48170|16|1665432000|1665439200|0.97558|0.97511|0|1|2|0|0|0|||0|7
Rectangle 48201|16|1669914000|1669935600|1.05228|1.05338|15453831|1|0|0|1|0|||0|7
Rectangle 48254|16|1667815200|1667862000|0.99291|0.99248|2139610|1|0|0|1|0|||0|7
Rectangle 48292|16|1669726200|1669764600|1.03847|1.03933|15453831|1|0|0|1|0|||0|7
Rectangle 48431|16|1743548400|1798586400|1.08039|1.08115|11119017|3|0|0|1|0|1.4.25||0|0
Rectangle 48730|16|1669388220|1669417200|1.03852|1.03760|15453831|1|0|0|1|0|||0|7
Rectangle 48826|16|1665066840|1665097200|0.98757|0.98681|2139610|1|0|0|1|0|||0|7
Rectangle 49018|16|1665062100|1665069300|0.98270|0.98222|0|1|2|0|0|0|||0|7
Rectangle 49083|16|1667816160|1667862000|0.99521|0.99614|2139610|1|0|0|1|0|||0|7
Rectangle 49105|16|1679483100|1679530140|1.07775|1.07710|15453831|1|0|0|1|0|||0|7
Rectangle 49206|16|1673515800|1673523000|1.07435|1.07416|0|1|2|0|0|0|||0|7
Rectangle 49211|16|1673487000|1673494200|1.07789|1.07770|0|1|2|0|0|0|||0|7
Rectangle 49217|16|1673499600|1673506800|1.07788|1.07769|0|1|2|0|0|0|||0|7
Rectangle 49228|16|1673449200|1673456400|1.07779|1.07759|0|1|2|0|0|0|||0|7
Rectangle 49298|16|1663172220|1663196400|0.99974|1.00024|2139610|2|0|0|1|0|||0|7
Rectangle 49323|16|1673254800|1673305200|1.06815|1.06885|15570276|1|0|0|1|0|||0|7
Rectangle 49327|16|1663148880|1663196400|0.99653|0.99598|2139610|2|0|0|1|0|||0|7
Rectangle 4937|16|1696938360|1696984200|1.06048|1.05990|15453831|1|0|0|1|0|||0|7
Rectangle 49385|16|1675416660|1675467720|1.08882|1.08836|15570276|1|0|0|1|0|||0|7
Rectangle 49401|16|1673256060|1673306760|1.06906|1.06947|15570276|1|0|0|1|0|||0|7
Rectangle 49502|16|1667820600|1667827800|1.00232|1.00153|0|1|2|0|0|0|||0|7
Rectangle 49576|16|1680533940|1680581220|1.08736|1.08780|15453831|1|0|0|1|0|||0|7
Rectangle 49599|16|1671030900|1671038100|1.06116|1.06092|0|1|2|0|0|0|||0|7
Rectangle 4960|16|1670589180|1670589660|1.05628|1.05617|42495|1|0|0|1|0|||0|1
Rectangle 49706|16|1681914420|1681957800|1.09193|1.09239|15570276|1|0|0|1|0|||0|7
Rectangle 4971|16|1670590260|1670590740|1.05505|1.05495|42495|1|0|0|1|0|||0|1
Rectangle 49712|16|1672142220|1672182000|1.06563|1.06616|15570276|1|0|0|1|0|||0|7
Rectangle 49725|16|1666144800|1666152000|0.98768|0.98740|0|1|2|0|0|0|||0|7
Rectangle 49729|16|1666170000|1666177200|0.98726|0.98698|0|1|2|0|0|0|||0|7
Rectangle 49744|16|1681908660|1681958520|1.09305|1.09260|15453831|1|0|0|1|0|||0|7
Rectangle 49814|16|1681907400|1681914600|1.09164|1.09146|0|1|2|0|0|0|||0|7
Rectangle 49863|16|1681384080|1681429500|1.10218|1.10250|15453831|1|0|0|1|0|||0|7
Rectangle 4993|16|1668165300|1668207600|1.02503|1.02635|15453831|1|0|0|1|0|||0|7
Rectangle 49979|16|1667817060|1667862000|0.99666|0.99727|2139610|1|0|0|1|0|||0|7
Rectangle 5|16|1676001600|1676008800|1.07151|1.07128|0|1|2|0|0|0|||0|7
Rectangle 50045|16|1663138800|1663146000|0.99593|0.99548|0|1|2|0|0|0|||0|7
Rectangle 50081|16|1697635080|1697682480|1.05606|1.05620|15453831|1|0|0|1|0|||0|7
Rectangle 50124|16|1663753380|1663801200|0.98939|0.99065|2139610|1|0|0|1|0|||0|7
Rectangle 50335|16|1684335540|1684381500|1.08262|1.08246|15570276|1|0|0|1|0|||0|7
Rectangle 50514|16|1669389540|1669418700|1.03717|1.03669|15453831|1|0|0|1|0|||0|7
Rectangle 50677|16|1669617000|1669624200|1.03415|1.03384|0|1|2|0|0|0|||0|7
Rectangle 50680|16|1669393800|1669401000|1.03534|1.03499|0|1|2|0|0|0|||0|7
Rectangle 5086|16|1673314200|1673321400|1.07060|1.07034|0|1|2|0|0|0|||0|7
Rectangle 5090|16|1673339400|1673346600|1.07062|1.07036|0|1|2|0|0|0|||0|7
Rectangle 50939|16|1675682460|1675724400|1.07758|1.07731|15570276|1|0|0|1|0|||0|7
Rectangle 5097|16|1673335800|1673343000|1.07564|1.07538|0|1|2|0|0|0|||0|7
Rectangle 51010|16|1672403400|1672410600|1.07022|1.07001|0|1|2|0|0|0|||0|7
Rectangle 51017|16|1667231580|1667257200|0.99123|0.99085|36095|1|0|0|1|0|||0|7
Rectangle 51059|16|1669653000|1669678200|1.04371|1.04465|15453831|1|0|0|1|0|||0|7
Rectangle 51078|16|1667224800|1667232000|0.98906|0.98879|0|1|2|0|0|0|||0|7
Rectangle 51085|16|1678962240|1679007600|1.06128|1.06072|15570276|1|0|0|1|0|||0|7
Rectangle 51207|16|1680542100|1680595200|1.08930|1.09163|9234160|2|0|0|1|0|||0|23
Rectangle 51304|16|1680598800|1680649200|1.08853|1.08891|15453831|1|0|0|1|0|||0|7
Rectangle 51337|16|1670243400|1670281200|1.05295|1.05187|15570276|1|0|0|1|0|||0|7
Rectangle 51361|16|1676974500|1676981700|1.06926|1.06907|0|1|2|0|0|0|||0|7
Rectangle 51367|16|1676999700|1677006900|1.07015|1.06996|0|1|2|0|0|0|||0|7
Rectangle 51382|16|1680589800|1680597000|1.08531|1.08503|0|1|2|0|0|0|||0|7
Rectangle 51415|16|1676993400|1677022200|1.06628|1.06679|15453831|1|0|0|1|0|||0|7
Rectangle 51462|16|1670221800|1670229000|1.05911|1.05888|0|1|2|0|0|0|||0|7
Rectangle 51479|16|1669991400|1669998600|1.04263|1.04239|0|1|2|0|0|0|||0|7
Rectangle 51533|16|1666183500|1666220400|0.98116|0.98054|2139610|1|0|0|1|0|||0|7
Rectangle 51551|16|1675131300|1675138500|1.08702|1.08683|0|1|2|0|0|0|||0|7
Rectangle 51554|16|1675156500|1675163700|1.08664|1.08645|0|1|2|0|0|0|||0|7
Rectangle 5157|16|1733526000|1790769600|1.05826|1.06072|16777215|3|0|0|1|0|6.12.24||0|0
Rectangle 51652|16|1744153200|1798521300|1.08883|1.09132|11119017|3|0|0|1|0|8.4.25||0|0
Rectangle 5167|16|1666269000|1666270800|0.97951|0.97937|36095|1|0|0|1|0|||0|3
Rectangle 5188|16|1673277960|1673305200|1.07134|1.07209|15570276|1|0|0|1|0|||0|7
Rectangle 51898|16|1678367700|1678374900|1.05897|1.05878|0|1|2|0|0|0|||0|7
Rectangle 51934|16|1696842000|1696888800|1.05558|1.05539|15453831|1|0|0|1|0|||0|7
Rectangle 5201|16|1666262700|1666264500|0.97969|0.97955|36095|1|0|0|1|0|||0|3
Rectangle 5205|16|1666265820|1666267620|0.97945|0.97931|36095|1|0|0|1|0|||0|3
Rectangle 52121|16|1664283420|1664319600|0.96151|0.96106|2139610|1|0|0|1|0|||0|7
Rectangle 52131|16|1682503200|1682550000|1.10042|1.10078|15453831|1|0|0|1|0|||0|7
Rectangle 52353|16|1669119300|1669126500|1.02402|1.02367|0|1|2|0|0|0|||0|7
Rectangle 52355|16|1672394400|1672443060|1.06508|1.06548|15570276|1|0|0|1|0|||0|7
Rectangle 5239|16|1666258200|1666260000|0.97655|0.97641|36095|1|0|0|1|0|||0|3
Rectangle 52414|16|1675938600|1675945800|1.07830|1.07807|0|1|2|0|0|0|||0|7
Rectangle 52420|16|1675945980|1675983600|1.07690|1.07729|15570276|1|0|0|1|0|||0|7
Rectangle 5252|16|1663351200|1663561320|1.00313|1.00270|2139610|1|0|0|1|0|||0|7
Rectangle 52733|16|1698165900|1698210900|1.06091|1.05965|15453831|1|0|0|1|0|||0|7
Rectangle 52742|16|1674831660|1674860400|1.08638|1.08602|15570276|1|0|0|1|0|||0|7
Rectangle 52746|16|1675086300|1675093500|1.08573|1.08554|0|1|2|0|0|0|||0|7
Rectangle 52760|16|1675094400|1675119600|1.08866|1.08817|15570276|1|0|0|1|0|||0|7
Rectangle 5278|16|1670574600|1670581800|1.05917|1.05894|0|1|2|0|0|0|||0|7
Rectangle 52802|16|1679487960|1679526000|1.07877|1.07928|15570276|1|0|0|1|0|||0|7
Rectangle 52939|16|1678964400|1679009940|1.06206|1.06279|15570276|1|0|0|1|0|||0|7
Rectangle 52993|16|1669147200|1669154400|1.03190|1.03154|0|1|2|0|0|0|||0|7
Rectangle 52999|16|1669171500|1669178700|1.03358|1.03323|0|1|2|0|0|0|||0|7
Rectangle 53002|16|1669197600|1669204800|1.03557|1.03522|0|1|2|0|0|0|||0|7
Rectangle 53025|16|1669169100|1669197600|1.03162|1.03208|15570276|1|0|0|1|0|||0|7
Rectangle 53030|16|1697709720|1697752800|1.05457|1.05407|15453831|1|0|0|1|0|||0|7
Rectangle 53084|16|1669172400|1669201200|1.03052|1.03111|15570276|1|0|0|1|0|||0|7
Rectangle 53088|16|1667496600|1667503800|0.98206|0.98179|0|1|2|0|0|0|||0|7
Rectangle 53105|16|1667547000|1667554200|0.98105|0.98078|0|1|2|0|0|0|||0|7
Rectangle 53210|16|1668082800|1668121200|0.99647|0.99540|15570276|1|0|0|1|0|||0|7
Rectangle 53296|16|1675162020|1675206900|1.08114|1.08049|15570276|1|0|0|1|0|||0|7
Rectangle 53314|16|1665457200|1665464400|0.97493|0.97446|0|1|2|0|0|0|||0|7
Rectangle 53326|16|1667298240|1667343600|0.99202|0.99120|2139610|1|0|0|1|0|||0|7
Rectangle 53339|16|1666756020|1666825200|0.99467|0.99521|2139610|1|0|0|1|0|||0|7
Rectangle 5334|16|1663557300|1663564500|1.00366|1.00336|0|1|2|0|0|0|||0|7
Rectangle 53362|16|1747436400|1798619400|1.11519|1.11637|8421504|3|0|0|1|0|16.5.25||0|0
Rectangle 53421|16|1677024900|1677032100|1.06935|1.06916|0|1|2|0|0|0|||0|7
Rectangle 53559|16|1678965300|1679011560|1.06288|1.06328|15570276|1|0|0|1|0|||0|7
Rectangle 53654|16|1668083040|1668121560|0.99477|0.99382|15570276|1|0|0|1|0|||0|7
Rectangle 53695|16|1696331040|1696374000|1.04847|1.04880|15453831|1|0|0|1|0|||0|7
Rectangle 53908|16|1664865000|1664924400|0.98289|0.98215|2139610|1|0|0|1|0|||0|7
Rectangle 53946|16|1667234940|1667257200|0.99000|0.98891|36095|1|0|0|1|0|||0|7
Rectangle 53950|16|1664874360|1664924400|0.98600|0.98492|2139610|1|0|0|1|0|||0|7
Rectangle 54071|16|1677066300|1677073500|1.06223|1.06204|0|1|2|0|0|0|||0|7
Rectangle 54123|16|1673455740|1673478000|1.07709|1.07764|15453831|1|0|0|1|0|||0|7
Rectangle 54126|16|1662387300|1662394500|1.00017|0.99971|0|1|2|0|0|0|||0|7
Rectangle 54141|16|1662362100|1662369300|0.98759|0.98713|0|1|2|0|0|0|||0|7
Rectangle 54160|16|1669982820|1670022000|1.05166|1.05187|15570276|1|0|0|1|0|||0|7
Rectangle 54170|16|1675423200|1675465200|1.09104|1.09135|15570276|1|0|0|1|0|||0|7
Rectangle 5419|16|1671700500|1671707700|1.05987|1.05966|0|1|2|0|0|0|||0|7
Rectangle 54266|16|1671100200|1671107400|1.06032|1.06009|0|1|2|0|0|0|||0|7
Rectangle 54288|16|1667237400|1667244600|0.98870|0.98842|0|1|2|0|0|0|||0|7
Rectangle 54326|16|1671622620|1671663600|1.06178|1.06141|15570276|1|0|0|1|0|||0|7
Rectangle 54369|16|1673519340|1673565600|1.07501|1.07468|15570276|1|0|0|1|0|||0|7
Rectangle 54399|16|1674863100|1675043100|1.08443|1.08424|0|1|2|0|0|0|||0|7
Rectangle 54417|16|1673521260|1673566200|1.07479|1.07452|15453831|1|0|0|1|0|||0|7
Rectangle 54419|16|1675106100|1675113300|1.09144|1.09128|0|1|2|0|0|0|||0|7
Rectangle 54506|16|1697685840|1697752800|1.05330|1.05362|15453831|1|0|0|1|0|||0|7
Rectangle 54513|16|1682676000|1682722800|1.10134|1.10229|15453831|1|0|0|1|0|||0|7
Rectangle 54553|16|1665129600|1665136800|0.97599|0.97551|0|1|2|0|0|0|||0|7
Rectangle 54592|16|1682695800|1682722800|1.09668|1.09796|15453831|1|0|0|1|0|||0|7
Rectangle 54613|16|1665074700|1665081900|0.97889|0.97840|0|1|2|0|0|0|||0|7
Rectangle 5475|16|1663581600|1663628400|0.99699|0.99667|2139610|1|0|0|1|0|||0|7
Rectangle 5478|16|1668689100|1668726000|1.03470|1.03620|15570276|1|0|0|1|0|||0|7
Rectangle 54793|16|1670599800|1670607000|1.05817|1.05794|0|1|2|0|0|0|||0|7
Rectangle 54806|16|1670593500|1670600700|1.05007|1.04984|0|1|2|0|0|0|||0|7
Rectangle 54811|16|1670816700|1670823900|1.04953|1.04929|0|1|2|0|0|0|||0|7
Rectangle 54961|16|1665403320|1665442800|0.96990|0.97093|2139610|1|0|0|1|0|||0|7
Rectangle 55|16|1665149400|1665183600|0.97950|0.98037|2139610|1|0|0|1|0|||0|7
Rectangle 55013|16|1669198500|1669215600|1.03340|1.03417|15570276|1|0|0|1|0|||0|7
Rectangle 5509|16|1677668640|1677713400|1.06526|1.06577|15453831|1|0|0|1|0|||0|7
Rectangle 5510|16|1691500140|1691546760|1.09679|1.09628|15453831|1|0|0|1|0|||0|7
Rectangle 5513|16|1668427080|1668466800|1.03150|1.03082|15570276|1|0|0|1|0|||0|7
Rectangle 55186|16|1672939800|1672947000|1.05123|1.05102|0|1|2|0|0|0|||0|7
Rectangle 5519|16|1666261800|1666262280|0.97719|0.97708|16760576|1|0|0|1|0|||0|1
Rectangle 55190|16|1672990200|1672997400|1.05073|1.05052|0|1|2|0|0|0|||0|7
Rectangle 55257|16|1673013900|1673045100|1.04900|1.04846|15570276|1|0|0|1|0|||0|7
Rectangle 55366|16|1680605520|1680656040|1.09239|1.09380|15453831|1|0|0|1|0|||0|7
Rectangle 55440|16|1672948800|1672956000|1.05799|1.05778|0|1|2|0|0|0|||0|7
Rectangle 55460|16|1672974000|1672981200|1.05594|1.05573|0|1|2|0|0|0|||0|7
Rectangle 55468|16|1673251200|1673258400|1.06338|1.06285|0|1|2|0|0|0|||0|7
Rectangle 55490|16|1692266400|1692273600|1.09039|1.09021|0|1|2|0|0|0|||0|7
Rectangle 55511|16|1692178200|1692185400|1.09454|1.09436|0|1|2|0|0|0|||0|7
Rectangle 55516|16|1692203400|1692210600|1.09405|1.09388|0|1|2|0|0|0|||0|7
Rectangle 5552|16|1666265160|1666265640|0.97721|0.97711|16760576|1|0|0|1|0|||0|1
Rectangle 55521|16|1692228600|1692235800|1.09184|1.09167|0|1|2|0|0|0|||0|7
Rectangle 55533|16|1692253800|1692261000|1.09035|1.09017|0|1|2|0|0|0|||0|7
Rectangle 55627|16|1696858620|1696905000|1.05306|1.05275|15453831|1|0|0|1|0|||0|7
Rectangle 5566|16|1678089600|1678096800|1.06696|1.06676|0|1|2|0|0|0|||0|7
Rectangle 5571|16|1666268520|1666269000|0.97710|0.97699|16760576|1|0|0|1|0|||0|1
Rectangle 5572|16|1678127400|1678134600|1.06975|1.06956|0|1|2|0|0|0|||0|7
Rectangle 55759|16|1675425120|1675467120|1.09235|1.09276|15570276|1|0|0|1|0|||0|7
Rectangle 5584|16|1675158300|1675206000|1.08388|1.08484|15570276|1|0|0|1|0|||0|7
Rectangle 55841|16|1665664020|1665702000|0.97290|0.97393|2139610|1|0|0|1|0|||0|7
Rectangle 55902|16|1665626400|1665633600|0.97408|0.97380|0|1|2|0|0|0|||0|7
Rectangle 55907|16|1665664200|1665671400|0.97646|0.97619|0|1|2|0|0|0|||0|7
Rectangle 55963|16|1667319000|1667343600|0.99458|0.99537|2139610|1|0|0|1|0|||0|7
Rectangle 56035|16|1747350000|1798549200|1.11928|1.12147|16777215|3|0|0|1|0|15.5.25||0|0
Rectangle 56073|16|1678906800|1678914000|1.05140|1.05079|0|1|2|0|0|0|||0|7
Rectangle 56091|16|1678986000|1678993200|1.06427|1.06393|0|1|2|0|0|0|||0|7
Rectangle 56130|16|1665118800|1665126000|0.98320|0.98274|0|1|2|0|0|0|||0|7
Rectangle 56135|16|1672999200|1673006400|1.05585|1.05564|0|1|2|0|0|0|||0|7
Rectangle 56152|16|1668085200|1668121200|0.99574|0.99488|15453831|1|0|0|1|0|||0|7
Rectangle 56172|16|1673260200|1673267400|1.07044|1.07018|0|1|2|0|0|0|||0|7
Rectangle 5625|16|1670852760|1670886000|1.05675|1.05715|15570276|1|0|0|1|0|||0|7
Rectangle 56283|16|1666778400|1666825200|0.99818|0.99868|2139610|1|0|0|1|0|||0|7
Rectangle 56405|16|1672736460|1672786800|1.06572|1.06546|15570276|1|0|0|1|0|||0|7
Rectangle 56488|16|1675159860|1675206900|1.08219|1.08146|15570276|1|0|0|1|0|||0|7
Rectangle 56670|16|1672651800|1672659000|1.07115|1.07094|0|1|2|0|0|0|||0|7
Rectangle 56674|16|1672702200|1672709400|1.07041|1.07020|0|1|2|0|0|0|||0|7
Rectangle 56679|16|1672727400|1672734600|1.06973|1.06952|0|1|2|0|0|0|||0|7
Rectangle 56714|16|1698257100|1698274800|1.05906|1.05836|15570276|1|0|0|1|0|||0|7
Rectangle 56743|16|1672713000|1672720200|1.06374|1.06353|0|1|2|0|0|0|||0|7
Rectangle 56747|16|1672687800|1672695000|1.06416|1.06395|0|1|2|0|0|0|||0|7
Rectangle 5675|16|1759791600|1767099600|1.16896|1.17113|16777215|3|0|0|1|0|6.10.25||0|0
Rectangle 56779|16|1672934100|1672959600|1.05566|1.05538|15570276|1|0|0|1|0|||0|7
Rectangle 56851|16|1672931700|1672959600|1.06036|1.05847|15453831|1|0|0|1|0|||0|7
Rectangle 56878|16|1663764480|1663801200|0.99289|0.99360|36095|1|0|0|1|0|||0|7
Rectangle 5688|16|1675702380|1675726680|1.07466|1.07409|15453831|1|0|0|1|0|||0|7
Rectangle 56890|16|1762818300|1766083500|1.15452|1.15520|16777215|3|0|0|1|0|10.11.25||0|0
Rectangle 56910|16|1678440840|1678489200|1.05993|1.06002|15570276|1|0|0|1|0|||0|7
Rectangle 5694|16|1666267380|1666267860|0.97912|0.97902|16760576|1|0|0|1|0|||0|1
Rectangle 57026|16|1666699200|1666706400|0.98473|0.98446|0|1|2|0|0|0|||0|7
Rectangle 57157|16|1664329500|1664336700|0.96526|0.96480|0|1|2|0|0|0|||0|7
Rectangle 57164|16|1664354700|1664361900|0.96180|0.96134|0|1|2|0|0|0|||0|7
Rectangle 57173|16|1678441260|1678489860|1.05990|1.06065|15453831|1|0|0|1|0|||0|7
Rectangle 57192|16|1664299800|1664307000|0.95652|0.95605|0|1|2|0|0|0|||0|7
Rectangle 57294|16|1676965500|1676972700|1.06419|1.06400|0|1|2|0|0|0|||0|7
Rectangle 57299|16|1681907520|1681957800|1.09373|1.09305|15570276|1|0|0|1|0|||0|7
Rectangle 57364|16|1677003300|1677010500|1.06361|1.06341|0|1|2|0|0|0|||0|7
Rectangle 57400|16|1675686960|1675724400|1.07690|1.07615|15570276|1|0|0|1|0|||0|7
Rectangle 57467|16|1674634920|1674687600|1.09032|1.09111|15570276|1|0|0|1|0|||0|7
Rectangle 57538|16|1665141420|1665183600|0.98075|0.98127|2139610|1|0|0|1|0|||0|7
Rectangle 57617|16|1676990700|1676997900|1.06362|1.06343|0|1|2|0|0|0|||0|7
Rectangle 57697|16|1675161900|1675169100|1.07996|1.07977|0|1|2|0|0|0|||0|7
Rectangle 57757|16|1671101400|1671145200|1.06268|1.06239|15570276|1|0|0|1|0|||0|7
Rectangle 57766|16|1682508480|1682514000|1.10330|1.10384|15453831|1|0|0|1|0|||0|7
Rectangle 57812|16|1667565060|1667602800|0.97874|0.97898|36095|1|0|0|1|0|||0|7
Rectangle 57861|16|1697450100|1697487300|1.05322|1.05367|15453831|1|0|0|1|0|||0|7
Rectangle 57893|16|1666780860|1666797300|1.00085|1.00172|2139610|1|0|0|1|0|||0|7
Rectangle 57895|16|1667572200|1667579400|0.99570|0.99492|0|1|2|0|0|0|||0|7
Rectangle 58006|16|1672740240|1672790700|1.06206|1.06042|15570276|1|0|0|1|0|||0|7
Rectangle 58089|16|1764719100|1767195000|1.16144|1.16247|11119017|3|0|0|1|0|2.12.25||0|0
Rectangle 58108|16|1674640320|1674687600|1.08786|1.08831|15570276|1|0|0|1|0|||0|7
Rectangle 58137|16|1671102000|1671145200|1.06224|1.06144|15570276|1|0|0|1|0|||0|7
Rectangle 5816|16|1666006440|1666047600|0.97261|0.97215|2139610|1|0|0|1|0|||0|7
Rectangle 5827|16|1679475600|1679482800|1.07442|1.07423|0|1|2|0|0|0|||0|7
Rectangle 5838|16|1679500800|1679508000|1.07533|1.07514|0|1|2|0|0|0|||0|7
Rectangle 58477|16|1676478180|1676502000|1.06740|1.06663|15570276|1|0|0|1|0|||0|7
Rectangle 58592|16|1668673800|1668681000|1.04189|1.04138|0|1|2|0|0|0|||0|7
Rectangle 58603|16|1676491440|1676502000|1.06652|1.06621|15570276|1|0|0|1|0|||0|7
Rectangle 58652|16|1668611880|1668641400|1.04099|1.04037|15453831|1|0|0|1|0|||0|7
Rectangle 58656|16|1668631500|1668638700|1.03467|1.03417|0|1|2|0|0|0|||0|7
Rectangle 58663|16|1668656700|1668663900|1.03407|1.03356|0|1|2|0|0|0|||0|7
Rectangle 58844|16|1672144080|1672182000|1.06662|1.06695|15570276|1|0|0|1|0|||0|7
Rectangle 58854|16|1672413480|1672441200|1.06662|1.06590|15570276|1|0|0|1|0|||0|7
Rectangle 58890|16|1675690260|1675728300|1.07626|1.07590|15453831|1|0|0|1|0|||0|7
Rectangle 58895|16|1683824340|1683869400|1.09045|1.09011|15453831|1|0|0|1|0|||0|7
Rectangle 59021|16|1664908200|1664915400|0.99196|0.99150|0|1|2|0|0|0|||0|7
Rectangle 59071|16|1668675780|1668725100|1.03836|1.03872|15570276|1|0|0|1|0|||0|7
Rectangle 59150|16|1670555160|1670576400|1.05744|1.05688|15570276|1|0|0|1|0|||0|7
Rectangle 59156|16|1670841000|1670886000|1.05307|1.05376|15570276|1|0|0|1|0|||0|7
Rectangle 59467|16|1678392900|1678400100|1.05957|1.05940|0|1|2|0|0|0|||0|7
Rectangle 59473|16|1678418100|1678425300|1.06044|1.06011|0|1|2|0|0|0|||0|7
Rectangle 59475|16|1678443300|1678450500|1.06312|1.06281|0|1|2|0|0|0|||0|7
Rectangle 59548|16|1676070000|1676250000|1.07072|1.07053|0|1|2|0|0|0|||0|7
Rectangle 59650|16|1698757140|1698814440|1.06668|1.06748|15453831|1|0|0|1|0|||0|7
Rectangle 59708|16|1661319000|1661326200|1.00101|1.00056|0|1|2|0|0|0|||0|7
Rectangle 59731|16|1661346900|1661354100|0.99122|0.99077|0|1|2|0|0|0|||0|7
Rectangle 59793|16|1666250340|1666306800|0.97856|0.97727|2139610|1|0|0|1|0|||0|7
Rectangle 59803|16|1680084000|1680130800|1.08230|1.08256|15453831|1|0|0|1|0|||0|7
Rectangle 59834|16|1673004060|1673046000|1.05103|1.05000|15570276|1|0|0|1|0|||0|7
Rectangle 59886|16|1664291700|1664298900|0.96807|0.96761|0|1|2|0|0|0|||0|7
Rectangle 59917|16|1664266500|1664273700|0.96848|0.96801|0|1|2|0|0|0|||0|7
Rectangle 60082|16|1680012000|1680019200|1.08494|1.08472|0|1|2|0|0|0|||0|7
Rectangle 6011|16|1679310000|1679356860|1.06555|1.06624|15570276|1|0|0|1|0|||0|7
Rectangle 60137|16|1668182400|1668189600|1.02152|1.02070|0|1|2|0|0|0|||0|7
Rectangle 60186|16|1680016200|1680044400|1.08390|1.08425|15453831|1|0|0|1|0|||0|7
Rectangle 60195|16|1663767240|1663801200|0.99191|0.99247|2139610|1|0|0|1|0|||0|7
Rectangle 60224|16|1672741800|1672759800|1.05770|1.05608|15570276|1|0|0|1|0|||0|7
Rectangle 6023|16|1681732500|1681774200|1.09642|1.09673|15453831|1|0|0|1|0|||0|7
Rectangle 60262|16|1680015600|1680061500|1.08301|1.08425|9234160|2|0|0|1|0|||0|23
Rectangle 60305|16|1670580000|1670626800|1.05694|1.05662|15570276|1|0|0|1|0|||0|7
Rectangle 60326|16|1668679200|1668727800|1.03913|1.03979|15570276|1|0|0|1|0|||0|7
Rectangle 60386|16|1674701100|1674708300|1.08736|1.08717|0|1|2|0|0|0|||0|7
Rectangle 60407|16|1674638100|1674645300|1.09154|1.09135|0|1|2|0|0|0|||0|7
Rectangle 60453|16|1672153200|1672182000|1.06360|1.06299|15570276|1|0|0|1|0|||0|7
Rectangle 6047|16|1690375500|1690382700|1.10432|1.10414|0|1|2|0|0|0|||0|7
Rectangle 60485|16|1669194900|1669202100|1.02884|1.02849|0|1|2|0|0|0|||0|7
Rectangle 60487|16|1678110900|1678143600|1.06424|1.06453|15570276|1|0|0|1|0|||0|7
Rectangle 60512|16|1678116180|1678143600|1.06512|1.06546|15570276|1|0|0|1|0|||0|7
Rectangle 60555|16|1666782540|1666825200|1.00354|1.00415|2139610|1|0|0|1|0|||0|7
Rectangle 60663|16|1670842140|1670886000|1.05460|1.05515|15570276|1|0|0|1|0|||0|7
Rectangle 60702|16|1670580900|1670588100|1.05235|1.05212|0|1|2|0|0|0|||0|7
Rectangle 60715|16|1668391200|1668398400|1.03648|1.03597|0|1|2|0|0|0|||0|7
Rectangle 60721|16|1680076800|1680084000|1.08160|1.08132|0|1|2|0|0|0|||0|7
Rectangle 60726|16|1680051600|1680058800|1.08124|1.08096|0|1|2|0|0|0|||0|7
Rectangle 60856|16|1674643740|1674690960|1.08712|1.08793|15453831|1|0|0|1|0|||0|7
Rectangle 6086|16|1681725960|1681767900|1.09918|1.09942|15453831|1|0|0|1|0|||0|7
Rectangle 60895|16|1678117200|1678144920|1.06537|1.06580|15453831|1|0|0|1|0|||0|7
Rectangle 60924|16|1670252100|1670281200|1.05804|1.05933|15570276|1|0|0|1|0|||0|7
Rectangle 61043|16|1663743600|1663750800|0.99920|0.99886|0|1|2|0|0|0|||0|7
Rectangle 61406|16|1669399200|1669406400|1.04391|1.04356|0|1|2|0|0|0|||0|7
Rectangle 6142|16|1698051600|1698098400|1.05775|1.05760|15453831|1|0|0|1|0|||0|7
Rectangle 61582|16|1666193520|1666220400|0.97683|0.97656|2139610|1|0|0|1|0|||0|7
Rectangle 61637|16|1684146600|1684191600|1.08769|1.08723|15453831|1|0|0|1|0|||0|7
Rectangle 61681|16|1678917600|1678924800|1.06260|1.06200|0|1|2|0|0|0|||0|7
Rectangle 61773|16|1672215660|1672234200|1.06501|1.06526|15570276|1|0|0|1|0|||0|7
Rectangle 61966|16|1671106020|1671145200|1.06226|1.06204|15453831|1|0|0|1|0|||0|7
Rectangle 62008|16|1672214400|1672221600|1.06645|1.06624|0|1|2|0|0|0|||0|7
Rectangle 62016|16|1670253300|1670282640|1.05858|1.05893|15453831|1|0|0|1|0|||0|7
Rectangle 6208|16|1680087600|1680094800|1.08654|1.08637|0|1|2|0|0|0|||0|7
Rectangle 62081|16|1670848200|1670855400|1.05802|1.05779|0|1|2|0|0|0|||0|7
Rectangle 62115|16|1666197900|1666205100|0.97595|0.97567|0|1|2|0|0|0|||0|7
Rectangle 62123|16|1666195200|1666202400|0.98583|0.98555|0|1|2|0|0|0|||0|7
Rectangle 62124|16|1666259100|1666266300|0.98139|0.98111|0|1|2|0|0|0|||0|7
Rectangle 62208|16|1670297400|1670304600|1.05322|1.05298|0|1|2|0|0|0|||0|7
Rectangle 62252|16|1764200700|1766901600|1.15486|1.15613|11119017|3|0|0|1|0|26.11.25||0|0
Rectangle 62282|16|1664359140|1664406000|0.95480|0.95362|2139610|1|0|0|1|0|||0|7
Rectangle 62295|16|1681389120|1681435080|1.10259|1.10299|15453831|1|0|0|1|0|||0|7
Rectangle 62469|16|1682511840|1682558700|1.10486|1.10544|15453831|1|0|0|1|0|||0|7
Rectangle 62586|16|1678445640|1678493700|1.05942|1.05966|15570276|1|0|0|1|0|||0|7
Rectangle 62725|16|1666260900|1666268100|0.97560|0.97532|0|1|2|0|0|0|||0|7
Rectangle 62745|16|1673265420|1673305200|1.06614|1.06774|15570276|1|0|0|1|0|||0|7
Rectangle 62817|16|1661268600|1661275800|1.00276|1.00234|0|1|2|0|0|0|||0|7
Rectangle 62842|16|1661220900|1661228100|0.99254|0.99212|0|1|2|0|0|0|||0|7
Rectangle 62846|16|1661246100|1661253300|0.99031|0.98988|0|1|2|0|0|0|||0|7
Rectangle 62882|16|1665996660|1666047600|0.97492|0.97555|2139610|1|0|0|1|0|||0|7
Rectangle 62913|16|1669169700|1669176900|1.02721|1.02685|0|1|2|0|0|0|||0|7
Rectangle 62915|16|1669207500|1669214700|1.02875|1.02839|0|1|2|0|0|0|||0|7
Rectangle 62931|16|1671631080|1671663600|1.06131|1.06074|15570276|1|0|0|1|0|||0|7
Rectangle 6297|16|1663844640|1663887600|0.98567|0.98681|2139610|1|0|0|1|0|||0|7
Rectangle 62987|16|1678183200|1678230000|1.06813|1.06865|15570276|1|0|0|1|0|||0|7
Rectangle 62991|16|1666074600|1666081800|0.97904|0.97876|0|1|2|0|0|0|||0|7
Rectangle 63044|16|1681986060|1682036100|1.09526|1.09583|15453831|1|0|0|1|0|||0|7
Rectangle 63135|16|1681957800|1681965000|1.09410|1.09393|0|1|2|0|0|0|||0|7
Rectangle 63140|16|1681983900|1681991100|1.09458|1.09441|0|1|2|0|0|0|||0|7
Rectangle 63305|16|1683888660|1683934500|1.09182|1.09133|15453831|1|0|0|1|0|||0|7
Rectangle 63367|16|1678119720|1678147140|1.06610|1.06658|15570276|1|0|0|1|0|||0|7
Rectangle 63449|16|1668153720|1668207600|1.02318|1.02214|15570276|1|0|0|1|0|||0|7
Rectangle 6356|16|1673615700|1673622900|1.07793|1.07774|0|1|2|0|0|0|||0|7
Rectangle 63568|16|1681448880|1681513200|1.10684|1.10717|15453831|1|0|0|1|0|||0|7
Rectangle 63594|16|1673006400|1673047800|1.05076|1.05160|15453831|1|0|0|1|0|||0|7
Rectangle 63596|16|1664885220|1664924400|0.98740|0.98680|36095|1|0|0|1|0|||0|7
Rectangle 63627|16|1663818120|1663887600|0.98088|0.98150|2139610|1|0|0|1|0|||0|7
Rectangle 63655|16|1668420000|1668466800|1.03338|1.03265|15570276|1|0|0|1|0|||0|7
Rectangle 6368|16|1663844400|1663851600|0.99108|0.99074|0|1|2|0|0|0|||0|7
Rectangle 63701|16|1663826220|1663837200|0.98243|0.98380|2139610|1|0|0|1|0|||0|7
Rectangle 63707|16|1675951200|1675958400|1.07956|1.07933|0|1|2|0|0|0|||0|7
Rectangle 63755|16|1670321040|1670367600|1.05070|1.05002|15570276|1|0|0|1|0|||0|7
Rectangle 63819|16|1668132000|1668139200|1.01160|1.01078|0|1|2|0|0|0|||0|7
Rectangle 63823|16|1668106800|1668114000|1.00930|1.00883|0|1|2|0|0|0|||0|7
Rectangle 63842|16|1670322600|1670329800|1.05320|1.05296|0|1|2|0|0|0|||0|7
Rectangle 63868|16|1668168000|1668175200|1.03071|1.03024|0|1|2|0|0|0|||0|7
Rectangle 63892|16|1670845440|1670855400|1.05572|1.05607|15570276|1|0|0|1|0|||0|7
Rectangle 64082|16|1670844120|1670844600|1.05404|1.05394|42495|1|0|0|1|0|||0|1
Rectangle 64092|16|1670842440|1670842920|1.05387|1.05377|42495|1|0|0|1|0|||0|1
Rectangle 64180|16|1670845620|1670846100|1.05666|1.05656|42495|1|0|0|1|0|||0|1
Rectangle 64183|16|1670843940|1670844420|1.05593|1.05582|42495|1|0|0|1|0|||0|1
Rectangle 64187|16|1670842260|1670842740|1.05555|1.05545|42495|1|0|0|1|0|||0|1
Rectangle 64198|16|1670840580|1670841060|1.05449|1.05439|42495|1|0|0|1|0|||0|1
Rectangle 64203|16|1677837600|1677884400|1.06142|1.06100|15570276|1|0|0|1|0|||0|7
Rectangle 64215|16|1670845800|1670846280|1.05435|1.05425|42495|1|0|0|1|0|||0|1
Rectangle 64222|16|1763769000|1766691600|1.14991|1.15070|11119017|3|0|0|1|0|21.11.25||0|0
Rectangle 64236|16|1739228400|1790568000|1.03122|1.03186|16777215|3|0|0|1|0|10.2.25||0|0
Rectangle 64369|16|1665671820|1665702000|0.97408|0.97523|2139610|1|0|0|1|0|||0|7
Rectangle 64392|16|1673263800|1673271000|1.06380|1.06327|0|1|2|0|0|0|||0|7
Rectangle 64501|16|1664890440|1664924400|0.99002|0.99024|2139610|1|0|0|1|0|||0|7
Rectangle 64508|16|1741129200|1790724600|1.05376|1.05718|11119017|3|0|0|1|0|4.3.25||0|0
Rectangle 6455|16|1663863300|1663870500|0.98135|0.98101|0|1|2|0|0|0|||0|7
Rectangle 64555|16|1663756200|1663763400|0.99939|0.99905|0|1|2|0|0|0|||0|7
Rectangle 64560|16|1741130100|1790713800|1.04968|1.05202|15453831|3|0|0|1|0|4.3.25||0|0
Rectangle 6461|16|1679081400|1679316300|1.06758|1.06649|14599344|1|0|0|1|0|||0|23
Rectangle 64613|16|1670316300|1670323500|1.04680|1.04642|0|1|2|0|0|0|||0|7
Rectangle 64726|16|1669222800|1669230000|1.03966|1.03931|0|1|2|0|0|0|||0|7
Rectangle 64765|16|1673625600|1673632800|1.08537|1.08518|0|1|2|0|0|0|||0|7
Rectangle 64771|16|1673836200|1673843400|1.08771|1.08752|0|1|2|0|0|0|||0|7
Rectangle 6480|16|1680094680|1680141720|1.08582|1.08628|15453831|1|0|0|1|0|||0|7
Rectangle 64850|16|1673827200|1673834400|1.07897|1.07878|0|1|2|0|0|0|||0|7
Rectangle 64852|16|1673890200|1673897400|1.07997|1.07978|0|1|2|0|0|0|||0|7
Rectangle 64888|16|1684152660|1684197000|1.08590|1.08560|15453831|1|0|0|1|0|||0|7
Rectangle 64906|16|1671625800|1671633000|1.06052|1.06031|0|1|2|0|0|0|||0|7
Rectangle 64985|16|1666000800|1666047600|0.97371|0.97317|2139610|1|0|0|1|0|||0|7
Rectangle 64996|16|1671650100|1671657300|1.05894|1.05872|0|1|2|0|0|0|||0|7
Rectangle 65056|16|1666262400|1666306800|0.97802|0.97753|36095|1|0|0|1|0|||0|7
Rectangle 6506|16|1680685200|1680734700|1.09569|1.09594|15453831|1|0|0|1|0|||0|7
Rectangle 65073|16|1661283900|1661291100|0.99189|0.99143|0|1|2|0|0|0|||0|7
Rectangle 65247|16|1672738200|1672745400|1.05328|1.05306|0|1|2|0|0|0|||0|7
Rectangle 65394|16|1670341500|1670348700|1.04756|1.04717|0|1|2|0|0|0|||0|7
Rectangle 65422|16|1668160200|1668207600|1.02432|1.02534|15570276|1|0|0|1|0|||0|7
Rectangle 6549|16|1677603600|1677628680|1.06356|1.06454|15453831|1|0|0|1|0|||0|7
Rectangle 6569|16|1668430800|1668438000|1.02689|1.02639|0|1|2|0|0|0|||0|7
Rectangle 6579|16|1663322400|1663369200|0.99914|0.99951|2139610|2|0|0|1|0|||0|7
Rectangle 6602|16|1667365200|1667372400|0.99164|0.99136|0|1|2|0|0|0|||0|7
Rectangle 6639|16|1664392500|1664399700|0.96131|0.96084|0|1|2|0|0|0|||0|7
Rectangle 6665|16|1684161180|1684205700|1.08775|1.08735|15570276|1|0|0|1|0|||0|7
Rectangle 6672|16|1681203600|1681254000|1.08913|1.08955|15453831|1|0|0|1|0|||0|7
Rectangle 6677|16|1669801500|1669808700|1.03993|1.03970|0|1|2|0|0|0|||0|7
Rectangle 6680|16|1679089500|1679096700|1.06286|1.06252|0|1|2|0|0|0|||0|7
Rectangle 6708|16|1671705840|1671720300|1.06263|1.06301|15570276|1|0|0|1|0|||0|7
Rectangle 673|16|1678187940|1678234500|1.06619|1.06589|15570276|1|0|0|1|0|||0|7
Rectangle 6778|16|1666269360|1666269840|0.97711|0.97701|16760576|1|0|0|1|0|||0|1
Rectangle 7026|16|1679571180|1679618700|1.08912|1.08942|15570276|1|0|0|1|0|||0|7
Rectangle 7068|16|1665999000|1666006200|0.97190|0.97162|0|1|2|0|0|0|||0|7
Rectangle 707|16|1675669500|1675676700|1.08262|1.08230|0|1|2|0|0|0|||0|7
Rectangle 7076|16|1679574120|1679621940|1.08841|1.08862|15570276|1|0|0|1|0|||0|7
Rectangle 7134|16|1667377800|1667385000|0.98618|0.98591|0|1|2|0|0|0|||0|7
Rectangle 7165|16|1671201900|1671209100|1.06657|1.06633|0|1|2|0|0|0|||0|7
Rectangle 7207|16|1698055380|1698102180|1.05878|1.05854|15453831|1|0|0|1|0|||0|7
Rectangle 7306|16|1669248000|1669255200|1.04293|1.04258|0|1|2|0|0|0|||0|7
Rectangle 7308|16|1669273200|1669280400|1.04533|1.04497|0|1|2|0|0|0|||0|7
Rectangle 739|16|1675694700|1675701900|1.08272|1.08240|0|1|2|0|0|0|||0|7
Rectangle 7432|16|1677723300|1677730500|1.06246|1.06227|0|1|2|0|0|0|||0|7
Rectangle 7506|16|1747782000|1798662600|1.12547|1.12693|16777215|3|0|0|1|0|20.5.25||0|0
Rectangle 7515|16|1674125100|1674132300|1.08452|1.08433|0|1|2|0|0|0|||0|7
Rectangle 7586|16|1671444000|1671450300|1.06241|1.06284|15570276|1|0|0|1|0|||0|7
Rectangle 7593|16|1673601720|1673650800|1.08383|1.08332|15570276|1|0|0|1|0|||0|7
Rectangle 7637|16|1674131820|1674169200|1.08384|1.08302|15570276|1|0|0|1|0|||0|7
Rectangle 7670|16|1675245600|1675292400|1.08773|1.08831|15570276|1|0|0|1|0|||0|7
Rectangle 773|16|1672242300|1672249500|1.06105|1.06084|0|1|2|0|0|0|||0|7
Rectangle 777|16|1672191900|1672199100|1.06223|1.06201|0|1|2|0|0|0|||0|7
Rectangle 7883|16|1697203980|1697247900|1.05156|1.05206|15453831|1|0|0|1|0|||0|7
Rectangle 8012|16|1669806780|1669820400|1.03767|1.03788|15570276|1|0|0|1|0|||0|7
Rectangle 8025|16|1677139200|1677146400|1.06381|1.06361|0|1|2|0|0|0|||0|7
Rectangle 8042|16|1663837200|1663844400|0.98094|0.98060|0|1|2|0|0|0|||0|7
Rectangle 8086|16|1668692280|1668727800|1.03440|1.03317|15570276|1|0|0|1|0|||0|7
Rectangle 8138|16|1668636000|1668643200|1.04380|1.04330|0|1|2|0|0|0|||0|7
Rectangle 8144|16|1668699000|1668706200|1.04174|1.04123|0|1|2|0|0|0|||0|7
Rectangle 815|16|1672217100|1672224300|1.06269|1.06248|0|1|2|0|0|0|||0|7
Rectangle 8151|16|1668694500|1668701700|1.03079|1.03028|0|1|2|0|0|0|||0|7
Rectangle 8190|16|1663322400|1663329600|1.00148|1.00114|0|1|2|0|0|0|||0|7
Rectangle 8353|16|1663318800|1663326000|0.99423|0.99389|0|1|2|0|0|0|||0|7
Rectangle 8358|16|1663293600|1663300800|0.99717|0.99682|0|1|2|0|0|0|||0|7
Rectangle 8381|16|1698253200|1698289200|1.05807|1.05724|15453831|1|0|0|1|0|||0|7
Rectangle 8424|16|1671445200|1671492600|1.06423|1.06454|15570276|1|0|0|1|0|||0|7
Rectangle 8429|16|1665419580|1665442800|0.97030|0.97013|36095|1|0|0|1|0|||0|7
Rectangle 8463|16|1669284240|1669292100|1.04054|1.04135|15570276|1|0|0|1|0|||0|7
Rectangle 8518|16|1695828600|1695858300|1.05350|1.05419|15453831|1|0|0|1|0|||0|7
Rectangle 8524|16|1666842900|1666911600|1.00750|1.00781|2139610|1|0|0|1|0|||0|7
Rectangle 8602|16|1698236760|1698271200|1.05740|1.05688|15570276|1|0|0|1|0|||0|7
Rectangle 8612|16|1669277700|1669284900|1.03848|1.03813|0|1|2|0|0|0|||0|7
Rectangle 8670|16|1665484320|1665529200|0.97154|0.97225|2139610|1|0|0|1|0|||0|7
Rectangle 8716|16|1669217400|1669246200|1.03212|1.03407|15453831|1|0|0|1|0|||0|7
Rectangle 874|16|1691754180|1691799300|1.09960|1.10011|15453831|1|0|0|1|0|||0|7
Rectangle 8825|16|1668431160|1668466800|1.02875|1.02817|15570276|1|0|0|1|0|||0|7
Rectangle 8833|16|1665428400|1665435600|0.96853|0.96807|0|1|2|0|0|0|||0|7
Rectangle 8850|16|1672752600|1672759800|1.06734|1.06713|0|1|2|0|0|0|||0|7
Rectangle 8895|16|1670335200|1670342400|1.05463|1.05439|0|1|2|0|0|0|||0|7
Rectangle 8898|16|1670385600|1670392800|1.04992|1.04969|0|1|2|0|0|0|||0|7
Rectangle 8900|16|1671437700|1671444900|1.06640|1.06616|0|1|2|0|0|0|||0|7
Rectangle 8901|16|1671114600|1671121800|1.07397|1.07374|0|1|2|0|0|0|||0|7
Rectangle 8926|16|1671125400|1671132600|1.05911|1.05888|0|1|2|0|0|0|||0|7
Rectangle 8938|16|1671164100|1671171300|1.06808|1.06785|0|1|2|0|0|0|||0|7
Rectangle 8942|16|1671176700|1671183900|1.06723|1.06699|0|1|2|0|0|0|||0|7
Rectangle 8980|16|1667905380|1667948400|0.99758|0.99716|15570276|1|0|0|1|0|||0|7
Rectangle 8992|16|1671181200|1671231600|1.06559|1.06604|15570276|1|0|0|1|0|||0|7
Rectangle 9153|16|1673600400|1673607600|1.08685|1.08666|0|1|2|0|0|0|||0|7
Rectangle 9276|16|1749596400|1798040400|1.13771|1.13955|15453831|3|0|0|1|0|10.6.25||0|0
Rectangle 9393|16|1677607140|1677625200|1.06092|1.06017|15570276|1|0|0|1|0|||0|7
Rectangle 9448|16|1697205660|1697250000|1.05143|1.05177|15570276|1|0|0|1|0|||0|7
Rectangle 9611|16|1677604500|1677611700|1.05826|1.05806|0|1|2|0|0|0|||0|7
Rectangle 9752|16|1670856960|1670887800|1.05558|1.05604|15570276|1|0|0|1|0|||0|7
Rectangle 9802|16|1678197000|1678230000|1.06594|1.06630|15453831|1|0|0|1|0|||0|7
Rectangle 9879|16|1664962620|1665010800|0.99832|0.99904|2139610|1|0|0|1|0|||0|7
Rectangle 9954|16|1666863120|1666911600|1.00627|1.00583|2139610|1|0|0|1|0|||0|7
Rectangle 9960|16|1692291600|1692298800|1.09205|1.09187|0|1|2|0|0|0|||0|7
Rectangle 9981|16|1671186540|1671234780|1.06408|1.06291|15570276|1|0|0|1|0|||0|7
