MT4_OBJECT_SYNC_FORMAT_v6
UTC_REF|1765807200|6857.60000
FXSSI.CALENDAR#news-country-0|21|1765900800|0|6804.26243|0.00000|7509500|1|0|0|1|0|USD|
|7|0|7|0|0|0
FXSSI.CALENDAR#news-country-1|21|1765994400|0|6804.26243|0.00000|7509500|1|0|0|1|0|USD|
|7|0|7|0|0|0
FXSSI.CALENDAR#news-country-2|21|1766073600|0|6804.26243|0.00000|7509500|1|0|0|1|0|USD|
|7|0|7|0|0|0
FXSSI.CALENDAR#news-country-5|21|1746111600|0|1.12653|0.00000|13092807|1|0|0|1|0|USD||7|0|7|0|0|0
FXSSI.CALENDAR#news-country-6|21|1746118800|0|1.12653|0.00000|13092807|1|0|0|1|0|USD||7|0|7|0|0|0
FXSSI.CALENDAR#news-country-7|21|1746187200|0|1.12653|0.00000|7509500|1|0|0|1|0|EUR||7|0|7|0|0|0
FXSSI.CALENDAR#news-country-8|21|1746198000|0|1.12653|0.00000|7509500|1|0|0|1|0|USD||7|0|7|0|0|0
FXSSI.CALENDAR#news-country-9|21|1746198000|0|1.12869|0.00000|7509500|1|0|0|1|0|USD||7|0|7|0|0|0
FXSSI.CALENDAR#news-frame|24|0|0|0.00000|0.00000|8421504|1|0|0|0|0|BitmapLabel||10|-1
FXSSI.CALENDAR#news-line0|24|0|0|0.00000|0.00000|8421504|1|0|0|1|0|BitmapLabel|
|10|0
FXSSI.CALENDAR#news-line1|24|0|0|0.00000|0.00000|8421504|1|0|0|1|0|BitmapLabel|
|10|0
FXSSI.CALENDAR#news-line2|24|0|0|0.00000|0.00000|8421504|1|0|0|1|0|BitmapLabel|
|10|0
FXSSI.CALENDAR#news-line5|24|0|0|0.00000|0.00000|8421504|1|0|0|1|0|BitmapLabel||10|0
FXSSI.CALENDAR#news-line6|24|0|0|0.00000|0.00000|8421504|1|0|0|1|0|BitmapLabel||10|0
FXSSI.CALENDAR#news-line7|24|0|0|0.00000|0.00000|8421504|1|0|0|1|0|BitmapLabel||10|0
FXSSI.CALENDAR#news-line8|24|0|0|0.00000|0.00000|8421504|1|0|0|1|0|BitmapLabel||10|0
FXSSI.CALENDAR#news-line9|24|0|0|0.00000|0.00000|8421504|1|0|0|1|0|BitmapLabel||10|0
FXSSI.CALENDAR#news-next|24|0|0|0.00000|0.00000|8421504|1|0|0|0|0|BitmapLabel||10|-1
FXSSI.CALENDAR#news-prev|24|0|0|0.00000|0.00000|8421504|1|0|0|0|0|BitmapLabel||10|-1
FXSSI.CALENDAR#news-stars-0|21|1765900800|0|6805.02023|0.00000|7509500|1|0|0|1|0|ллл|
|8|0|7|0|0|0
FXSSI.CALENDAR#news-stars-1|21|1765994400|0|6805.02023|0.00000|7509500|1|0|0|1|0|ллл|
|8|0|7|0|0|0
FXSSI.CALENDAR#news-stars-2|21|1766073600|0|6805.02023|0.00000|7509500|1|0|0|1|0|ллл|
|8|0|7|0|0|0
FXSSI.CALENDAR#news-stars-5|21|1746111600|0|1.12657|0.00000|13092807|1|0|0|1|0|ллл||8|0|7|0|0|0
FXSSI.CALENDAR#news-stars-6|21|1746118800|0|1.12657|0.00000|13092807|1|0|0|1|0|ллл||8|0|7|0|0|0
FXSSI.CALENDAR#news-stars-7|21|1746187200|0|1.12657|0.00000|7509500|1|0|0|1|0|ллл||8|0|7|0|0|0
FXSSI.CALENDAR#news-stars-8|21|1746198000|0|1.12657|0.00000|7509500|1|0|0|1|0|ллл||8|0|7|0|0|0
FXSSI.CALENDAR#news-stars-9|21|1746198000|0|1.12873|0.00000|7509500|1|0|0|1|0|ллл||8|0|7|0|0|0
FixedDot_L_6705.00_1765562400|21|1765562400|0|6705.00000|0.00000|0|1|0|0|0|0|Х||10|0|8|0|0|0
FixedDot_L_6705.00_1765566000|21|1765566000|0|6705.00000|0.00000|0|1|0|0|0|0|Х||10|0|8|0|0|0
FixedDot_L_6710.00_1765562400|21|1765562400|0|6710.00000|0.00000|0|1|0|0|0|0|Х||10|0|8|0|0|0
FixedDot_L_6710.00_1765566000|21|1765566000|0|6710.00000|0.00000|0|1|0|0|0|0|Х||10|0|8|0|0|0
FixedDot_L_6715.00_1765573200|21|1765573200|0|6715.00000|0.00000|0|1|0|0|0|0|Х||10|0|8|0|0|0
FixedDot_L_6720.00_1765573200|21|1765573200|0|6720.00000|0.00000|0|1|0|0|0|0|Х||10|0|8|0|0|0
FixedDot_L_6750.00_1765803600|21|1765803600|0|6750.00000|0.00000|0|1|0|0|0|0|Х||10|0|8|0|0|0
FixedDot_L_6760.00_1765803600|21|1765803600|0|6760.00000|0.00000|0|1|0|0|0|0|Х||10|0|8|0|0|0
FixedDot_L_6770.00_1765789200|21|1765789200|0|6770.00000|0.00000|0|1|0|0|0|0|Х||10|0|8|0|0|0
FixedDot_L_6770.00_1765792800|21|1765792800|0|6770.00000|0.00000|0|1|0|0|0|0|Х||10|0|8|0|0|0
FixedDot_L_6770.00_1765796400|21|1765796400|0|6770.00000|0.00000|0|1|0|0|0|0|Х||10|0|8|0|0|0
FixedDot_L_6770.00_1765800000|21|1765800000|0|6770.00000|0.00000|0|1|0|0|0|0|Х||10|0|8|0|0|0
FixedDot_L_6770.00_1765803600|21|1765803600|0|6770.00000|0.00000|0|1|0|0|0|0|Х||10|0|8|0|0|0
FixedDot_L_6775.00_1765789200|21|1765789200|0|6775.00000|0.00000|0|1|0|0|0|0|Х||10|0|8|0|0|0
FixedDot_L_6775.00_1765792800|21|1765792800|0|6775.00000|0.00000|0|1|0|0|0|0|Х||10|0|8|0|0|0
FixedDot_L_6775.00_1765796400|21|1765796400|0|6775.00000|0.00000|0|1|0|0|0|0|Х||10|0|8|0|0|0
FixedDot_L_6780.00_1765569600|21|1765569600|0|6780.00000|0.00000|0|1|0|0|0|0|Х||10|0|8|0|0|0
FixedDot_L_6780.00_1765576800|21|1765576800|0|6780.00000|0.00000|0|1|0|0|0|0|Х||10|0|8|0|0|0
FixedDot_L_6780.00_1765789200|21|1765789200|0|6780.00000|0.00000|0|1|0|0|0|0|Х||10|0|8|0|0|0
FixedDot_L_6780.00_1765792800|21|1765792800|0|6780.00000|0.00000|0|1|0|0|0|0|Х||10|0|8|0|0|0
FixedDot_L_6780.00_1765796400|21|1765796400|0|6780.00000|0.00000|0|1|0|0|0|0|Х||10|0|8|0|0|0
FixedDot_L_6780.00_1765800000|21|1765800000|0|6780.00000|0.00000|0|1|0|0|0|0|Х||10|0|8|0|0|0
FixedDot_L_6785.00_1765569600|21|1765569600|0|6785.00000|0.00000|0|1|0|0|0|0|Х||10|0|8|0|0|0
FixedDot_L_6800.00_1765800000|21|1765800000|0|6800.00000|0.00000|0|1|0|0|0|0|Х||10|0|8|0|0|0
FixedDot_L_6805.00_1765576800|21|1765576800|0|6805.00000|0.00000|0|1|0|0|0|0|Х||10|0|8|0|0|0
FixedDot_L_6810.00_1765566000|21|1765566000|0|6810.00000|0.00000|0|1|0|0|0|0|Х||10|0|8|0|0|0
FixedDot_L_6810.00_1765569600|21|1765569600|0|6810.00000|0.00000|0|1|0|0|0|0|Х||10|0|8|0|0|0
FixedDot_L_6810.00_1765573200|21|1765573200|0|6810.00000|0.00000|0|1|0|0|0|0|Х||10|0|8|0|0|0
FixedDot_L_6810.00_1765576800|21|1765576800|0|6810.00000|0.00000|0|1|0|0|0|0|Х||10|0|8|0|0|0
FixedDot_L_6830.00_1765537200|21|1765537200|0|6830.00000|0.00000|0|1|0|0|0|0|Х||10|0|8|0|0|0
FixedDot_L_6830.00_1765558800|21|1765558800|0|6830.00000|0.00000|0|1|0|0|0|0|Х||10|0|8|0|0|0
FixedDot_L_6830.00_1765562400|21|1765562400|0|6830.00000|0.00000|0|1|0|0|0|0|Х||10|0|8|0|0|0
FixedDot_L_6835.00_1765551600|21|1765551600|0|6835.00000|0.00000|0|1|0|0|0|0|Х||10|0|8|0|0|0
FixedDot_L_6835.00_1765558800|21|1765558800|0|6835.00000|0.00000|0|1|0|0|0|0|Х||10|0|8|0|0|0
FixedDot_L_6840.00_1765555200|21|1765555200|0|6840.00000|0.00000|0|1|0|0|0|0|Х||10|0|8|0|0|0
FixedDot_L_6840.00_1765558800|21|1765558800|0|6840.00000|0.00000|0|1|0|0|0|0|Х||10|0|8|0|0|0
FixedDot_L_6855.00_1765533600|21|1765533600|0|6855.00000|0.00000|0|1|0|0|0|0|Х||10|0|8|0|0|0
FixedDot_L_6855.00_1765537200|21|1765537200|0|6855.00000|0.00000|0|1|0|0|0|0|Х||10|0|8|0|0|0
FixedDot_L_6855.00_1765540800|21|1765540800|0|6855.00000|0.00000|0|1|0|0|0|0|Х||10|0|8|0|0|0
FixedDot_L_6855.00_1765544400|21|1765544400|0|6855.00000|0.00000|0|1|0|0|0|0|Х||10|0|8|0|0|0
FixedDot_L_6855.00_1765548000|21|1765548000|0|6855.00000|0.00000|0|1|0|0|0|0|Х||10|0|8|0|0|0
FixedDot_L_6855.00_1765551600|21|1765551600|0|6855.00000|0.00000|0|1|0|0|0|0|Х||10|0|8|0|0|0
FixedDot_L_6855.00_1765555200|21|1765555200|0|6855.00000|0.00000|0|1|0|0|0|0|Х||10|0|8|0|0|0
FixedDot_L_6860.00_1765533600|21|1765533600|0|6860.00000|0.00000|0|1|0|0|0|0|Х||10|0|8|0|0|0
FixedDot_L_6860.00_1765537200|21|1765537200|0|6860.00000|0.00000|0|1|0|0|0|0|Х||10|0|8|0|0|0
FixedDot_L_6860.00_1765540800|21|1765540800|0|6860.00000|0.00000|0|1|0|0|0|0|Х||10|0|8|0|0|0
FixedDot_L_6860.00_1765544400|21|1765544400|0|6860.00000|0.00000|0|1|0|0|0|0|Х||10|0|8|0|0|0
FixedDot_L_6860.00_1765548000|21|1765548000|0|6860.00000|0.00000|0|1|0|0|0|0|Х||10|0|8|0|0|0
FixedDot_L_6860.00_1765551600|21|1765551600|0|6860.00000|0.00000|0|1|0|0|0|0|Х||10|0|8|0|0|0
FixedDot_L_6860.00_1765555200|21|1765555200|0|6860.00000|0.00000|0|1|0|0|0|0|Х||10|0|8|0|0|0
FixedDot_L_6860.00_1765789200|21|1765789200|0|6860.00000|0.00000|0|1|0|0|0|0|Х||10|0|8|0|0|0
FixedDot_L_6860.00_1765792800|21|1765792800|0|6860.00000|0.00000|0|1|0|0|0|0|Х||10|0|8|0|0|0
FixedDot_L_6870.00_1765803600|21|1765803600|0|6870.00000|0.00000|0|1|0|0|0|0|Х||10|0|8|0|0|0
FixedDot_L_6880.00_1765533600|21|1765533600|0|6880.00000|0.00000|0|1|0|0|0|0|Х||10|0|8|0|0|0
FixedDot_L_6880.00_1765540800|21|1765540800|0|6880.00000|0.00000|0|1|0|0|0|0|Х||10|0|8|0|0|0
FixedDot_L_6880.00_1765544400|21|1765544400|0|6880.00000|0.00000|0|1|0|0|0|0|Х||10|0|8|0|0|0
FixedDot_L_6880.00_1765548000|21|1765548000|0|6880.00000|0.00000|0|1|0|0|0|0|Х||10|0|8|0|0|0
FixedDot_L_6880.00_1765796400|21|1765796400|0|6880.00000|0.00000|0|1|0|0|0|0|Х||10|0|8|0|0|0
FixedDot_L_6880.00_1765800000|21|1765800000|0|6880.00000|0.00000|0|1|0|0|0|0|Х||10|0|8|0|0|0
FixedDot_L_6880.00_1765803600|21|1765803600|0|6880.00000|0.00000|0|1|0|0|0|0|Х||10|0|8|0|0|0
FixedDot_L_6885.00_1765789200|21|1765789200|0|6885.00000|0.00000|0|1|0|0|0|0|Х||10|0|8|0|0|0
FixedDot_L_6885.00_1765792800|21|1765792800|0|6885.00000|0.00000|0|1|0|0|0|0|Х||10|0|8|0|0|0
FixedDot_L_6885.00_1765796400|21|1765796400|0|6885.00000|0.00000|0|1|0|0|0|0|Х||10|0|8|0|0|0
FixedDot_L_6885.00_1765800000|21|1765800000|0|6885.00000|0.00000|0|1|0|0|0|0|Х||10|0|8|0|0|0
FixedDot_L_6890.00_1765789200|21|1765789200|0|6890.00000|0.00000|0|1|0|0|0|0|Х||10|0|8|0|0|0
FixedDot_L_6890.00_1765792800|21|1765792800|0|6890.00000|0.00000|0|1|0|0|0|0|Х||10|0|8|0|0|0
FixedDot_L_6890.00_1765796400|21|1765796400|0|6890.00000|0.00000|0|1|0|0|0|0|Х||10|0|8|0|0|0
FixedDot_L_6890.00_1765800000|21|1765800000|0|6890.00000|0.00000|0|1|0|0|0|0|Х||10|0|8|0|0|0
FixedDot_L_6890.00_1765803600|21|1765803600|0|6890.00000|0.00000|0|1|0|0|0|0|Х||10|0|8|0|0|0
FixedDot_L_6920.00_1765544400|21|1765544400|0|6920.00000|0.00000|0|1|0|0|0|0|Х||10|0|8|0|0|0
FixedDot_L_6920.00_1765555200|21|1765555200|0|6920.00000|0.00000|0|1|0|0|0|0|Х||10|0|8|0|0|0
FixedDot_L_6925.00_1765548000|21|1765548000|0|6925.00000|0.00000|0|1|0|0|0|0|Х||10|0|8|0|0|0
FixedDot_L_6925.00_1765551600|21|1765551600|0|6925.00000|0.00000|0|1|0|0|0|0|Х||10|0|8|0|0|0
FixedDot_L_6925.00_1765555200|21|1765555200|0|6925.00000|0.00000|0|1|0|0|0|0|Х||10|0|8|0|0|0
FixedDot_L_6925.00_1765562400|21|1765562400|0|6925.00000|0.00000|0|1|0|0|0|0|Х||10|0|8|0|0|0
FixedDot_L_6925.00_1765566000|21|1765566000|0|6925.00000|0.00000|0|1|0|0|0|0|Х||10|0|8|0|0|0
FixedDot_L_6925.00_1765569600|21|1765569600|0|6925.00000|0.00000|0|1|0|0|0|0|Х||10|0|8|0|0|0
FixedDot_L_6925.00_1765573200|21|1765573200|0|6925.00000|0.00000|0|1|0|0|0|0|Х||10|0|8|0|0|0
FixedDot_L_6925.00_1765576800|21|1765576800|0|6925.00000|0.00000|0|1|0|0|0|0|Х||10|0|8|0|0|0
FixedDot_L_6930.00_1765533600|21|1765533600|0|6930.00000|0.00000|0|1|0|0|0|0|Х||10|0|8|0|0|0
FixedDot_L_6930.00_1765537200|21|1765537200|0|6930.00000|0.00000|0|1|0|0|0|0|Х||10|0|8|0|0|0
FixedDot_L_6930.00_1765540800|21|1765540800|0|6930.00000|0.00000|0|1|0|0|0|0|Х||10|0|8|0|0|0
FixedDot_L_6930.00_1765544400|21|1765544400|0|6930.00000|0.00000|0|1|0|0|0|0|Х||10|0|8|0|0|0
FixedDot_L_6930.00_1765548000|21|1765548000|0|6930.00000|0.00000|0|1|0|0|0|0|Х||10|0|8|0|0|0
FixedDot_L_6930.00_1765551600|21|1765551600|0|6930.00000|0.00000|0|1|0|0|0|0|Х||10|0|8|0|0|0
FixedDot_L_6930.00_1765555200|21|1765555200|0|6930.00000|0.00000|0|1|0|0|0|0|Х||10|0|8|0|0|0
FixedDot_L_6930.00_1765562400|21|1765562400|0|6930.00000|0.00000|0|1|0|0|0|0|Х||10|0|8|0|0|0
FixedDot_L_6930.00_1765566000|21|1765566000|0|6930.00000|0.00000|0|1|0|0|0|0|Х||10|0|8|0|0|0
FixedDot_L_6930.00_1765569600|21|1765569600|0|6930.00000|0.00000|0|1|0|0|0|0|Х||10|0|8|0|0|0
FixedDot_L_6930.00_1765573200|21|1765573200|0|6930.00000|0.00000|0|1|0|0|0|0|Х||10|0|8|0|0|0
FixedDot_L_6930.00_1765576800|21|1765576800|0|6930.00000|0.00000|0|1|0|0|0|0|Х||10|0|8|0|0|0
FixedDot_L_6935.00_1765533600|21|1765533600|0|6935.00000|0.00000|0|1|0|0|0|0|Х||10|0|8|0|0|0
FixedDot_L_6935.00_1765537200|21|1765537200|0|6935.00000|0.00000|0|1|0|0|0|0|Х||10|0|8|0|0|0
FixedDot_L_6935.00_1765540800|21|1765540800|0|6935.00000|0.00000|0|1|0|0|0|0|Х||10|0|8|0|0|0
FixedDot_L_6935.00_1765544400|21|1765544400|0|6935.00000|0.00000|0|1|0|0|0|0|Х||10|0|8|0|0|0
FixedDot_L_6935.00_1765548000|21|1765548000|0|6935.00000|0.00000|0|1|0|0|0|0|Х||10|0|8|0|0|0
FixedDot_L_6935.00_1765551600|21|1765551600|0|6935.00000|0.00000|0|1|0|0|0|0|Х||10|0|8|0|0|0
FixedDot_L_6940.00_1765537200|21|1765537200|0|6940.00000|0.00000|0|1|0|0|0|0|Х||10|0|8|0|0|0
FixedDot_L_6940.00_1765540800|21|1765540800|0|6940.00000|0.00000|0|1|0|0|0|0|Х||10|0|8|0|0|0
FixedDot_L_6955.00_1765533600|21|1765533600|0|6955.00000|0.00000|0|1|0|0|0|0|Х||10|0|8|0|0|0
FixedDot_L_6975.00_1765558800|21|1765558800|0|6975.00000|0.00000|0|1|0|0|0|0|Х||10|0|8|0|0|0
FixedDot_L_6980.00_1765558800|21|1765558800|0|6980.00000|0.00000|0|1|0|0|0|0|Х||10|0|8|0|0|0
FixedDot_L_6980.00_1765562400|21|1765562400|0|6980.00000|0.00000|0|1|0|0|0|0|Х||10|0|8|0|0|0
FixedDot_L_6980.00_1765566000|21|1765566000|0|6980.00000|0.00000|0|1|0|0|0|0|Х||10|0|8|0|0|0
FixedDot_L_6980.00_1765569600|21|1765569600|0|6980.00000|0.00000|0|1|0|0|0|0|Х||10|0|8|0|0|0
FixedDot_L_6980.00_1765573200|21|1765573200|0|6980.00000|0.00000|0|1|0|0|0|0|Х||10|0|8|0|0|0
FixedDot_L_6980.00_1765576800|21|1765576800|0|6980.00000|0.00000|0|1|0|0|0|0|Х||10|0|8|0|0|0
FixedDot_L_6985.00_1765558800|21|1765558800|0|6985.00000|0.00000|0|1|0|0|0|0|Х||10|0|8|0|0|0
FixedDot_OI_6695.00_1765533600|21|1765533600|0|6695.00000|0.00000|32768|1|0|0|0|0|6||8|0|8|0|0|0
FixedDot_OI_6695.00_1765537200|21|1765537200|0|6695.00000|0.00000|32768|1|0|0|0|0|6||8|0|8|0|0|0
FixedDot_OI_6695.00_1765540800|21|1765540800|0|6695.00000|0.00000|32768|1|0|0|0|0|5||8|0|8|0|0|0
FixedDot_OI_6695.00_1765544400|21|1765544400|0|6695.00000|0.00000|32768|1|0|0|0|0|5||8|0|8|0|0|0
FixedDot_OI_6695.00_1765548000|21|1765548000|0|6695.00000|0.00000|32768|1|0|0|0|0|6||8|0|8|0|0|0
FixedDot_OI_6695.00_1765551600|21|1765551600|0|6695.00000|0.00000|32768|1|0|0|0|0|6||8|0|8|0|0|0
FixedDot_OI_6695.00_1765562400|21|1765562400|0|6695.00000|0.00000|32768|1|0|0|0|0|6||8|0|8|0|0|0
FixedDot_OI_6695.00_1765566000|21|1765566000|0|6695.00000|0.00000|32768|1|0|0|0|0|6||8|0|8|0|0|0
FixedDot_OI_6695.00_1765789200|21|1765789200|0|6695.00000|0.00000|32768|1|0|0|0|0|3||8|0|8|0|0|0
FixedDot_OI_6695.00_1765792800|21|1765792800|0|6695.00000|0.00000|32768|1|0|0|0|0|3||8|0|8|0|0|0
FixedDot_OI_6695.00_1765796400|21|1765796400|0|6695.00000|0.00000|32768|1|0|0|0|0|3||8|0|8|0|0|0
FixedDot_OI_6695.00_1765800000|21|1765800000|0|6695.00000|0.00000|32768|1|0|0|0|0|3||8|0|8|0|0|0
FixedDot_OI_6695.00_1765803600|21|1765803600|0|6695.00000|0.00000|32768|1|0|0|0|0|3||8|0|8|0|0|0
FixedDot_OI_6745.00_1765533600|21|1765533600|0|6745.00000|0.00000|32768|1|0|0|0|0|4||8|0|8|0|0|0
FixedDot_OI_6745.00_1765537200|21|1765537200|0|6745.00000|0.00000|32768|1|0|0|0|0|4||8|0|8|0|0|0
FixedDot_OI_6745.00_1765540800|21|1765540800|0|6745.00000|0.00000|32768|1|0|0|0|0|4||8|0|8|0|0|0
FixedDot_OI_6745.00_1765544400|21|1765544400|0|6745.00000|0.00000|32768|1|0|0|0|0|4||8|0|8|0|0|0
FixedDot_OI_6745.00_1765548000|21|1765548000|0|6745.00000|0.00000|32768|1|0|0|0|0|4||8|0|8|0|0|0
FixedDot_OI_6745.00_1765551600|21|1765551600|0|6745.00000|0.00000|32768|1|0|0|0|0|4||8|0|8|0|0|0
FixedDot_OI_6745.00_1765555200|21|1765555200|0|6745.00000|0.00000|32768|1|0|0|0|0|5||8|0|8|0|0|0
FixedDot_OI_6745.00_1765558800|21|1765558800|0|6745.00000|0.00000|32768|1|0|0|0|0|5||8|0|8|0|0|0
FixedDot_OI_6745.00_1765562400|21|1765562400|0|6745.00000|0.00000|32768|1|0|0|0|0|5||8|0|8|0|0|0
FixedDot_OI_6745.00_1765566000|21|1765566000|0|6745.00000|0.00000|32768|1|0|0|0|0|5||8|0|8|0|0|0
FixedDot_OI_6745.00_1765569600|21|1765569600|0|6745.00000|0.00000|32768|1|0|0|0|0|6||8|0|8|0|0|0
FixedDot_OI_6745.00_1765573200|21|1765573200|0|6745.00000|0.00000|32768|1|0|0|0|0|5||8|0|8|0|0|0
FixedDot_OI_6745.00_1765576800|21|1765576800|0|6745.00000|0.00000|32768|1|0|0|0|0|5||8|0|8|0|0|0
FixedDot_OI_6795.00_1765533600|21|1765533600|0|6795.00000|0.00000|32768|1|0|0|0|0|2||8|0|8|0|0|0
FixedDot_OI_6795.00_1765537200|21|1765537200|0|6795.00000|0.00000|32768|1|0|0|0|0|2||8|0|8|0|0|0
FixedDot_OI_6795.00_1765540800|21|1765540800|0|6795.00000|0.00000|32768|1|0|0|0|0|1||8|0|8|0|0|0
FixedDot_OI_6795.00_1765544400|21|1765544400|0|6795.00000|0.00000|32768|1|0|0|0|0|1||8|0|8|0|0|0
FixedDot_OI_6795.00_1765548000|21|1765548000|0|6795.00000|0.00000|32768|1|0|0|0|0|2||8|0|8|0|0|0
FixedDot_OI_6795.00_1765551600|21|1765551600|0|6795.00000|0.00000|32768|1|0|0|0|0|2||8|0|8|0|0|0
FixedDot_OI_6795.00_1765555200|21|1765555200|0|6795.00000|0.00000|32768|1|0|0|0|0|3||8|0|8|0|0|0
FixedDot_OI_6795.00_1765558800|21|1765558800|0|6795.00000|0.00000|32768|1|0|0|0|0|2||8|0|8|0|0|0
FixedDot_OI_6795.00_1765562400|21|1765562400|0|6795.00000|0.00000|32768|1|0|0|0|0|2||8|0|8|0|0|0
FixedDot_OI_6795.00_1765566000|21|1765566000|0|6795.00000|0.00000|32768|1|0|0|0|0|2||8|0|8|0|0|0
FixedDot_OI_6795.00_1765569600|21|1765569600|0|6795.00000|0.00000|32768|1|0|0|0|0|2||8|0|8|0|0|0
FixedDot_OI_6795.00_1765573200|21|1765573200|0|6795.00000|0.00000|32768|1|0|0|0|0|2||8|0|8|0|0|0
FixedDot_OI_6795.00_1765576800|21|1765576800|0|6795.00000|0.00000|32768|1|0|0|0|0|2||8|0|8|0|0|0
FixedDot_OI_6795.00_1765789200|21|1765789200|0|6795.00000|0.00000|32768|1|0|0|0|0|1||8|0|8|0|0|0
FixedDot_OI_6795.00_1765792800|21|1765792800|0|6795.00000|0.00000|32768|1|0|0|0|0|1||8|0|8|0|0|0
FixedDot_OI_6795.00_1765796400|21|1765796400|0|6795.00000|0.00000|32768|1|0|0|0|0|1||8|0|8|0|0|0
FixedDot_OI_6795.00_1765800000|21|1765800000|0|6795.00000|0.00000|32768|1|0|0|0|0|1||8|0|8|0|0|0
FixedDot_OI_6795.00_1765803600|21|1765803600|0|6795.00000|0.00000|32768|1|0|0|0|0|1||8|0|8|0|0|0
FixedDot_OI_6820.00_1765558800|21|1765558800|0|6820.00000|0.00000|32768|1|0|0|0|0|6||8|0|8|0|0|0
FixedDot_OI_6820.00_1765569600|21|1765569600|0|6820.00000|0.00000|32768|1|0|0|0|0|5||8|0|8|0|0|0
FixedDot_OI_6820.00_1765573200|21|1765573200|0|6820.00000|0.00000|32768|1|0|0|0|0|6||8|0|8|0|0|0
FixedDot_OI_6820.00_1765576800|21|1765576800|0|6820.00000|0.00000|32768|1|0|0|0|0|6||8|0|8|0|0|0
FixedDot_OI_6845.00_1765576800|21|1765576800|0|6845.00000|0.00000|16711680|1|0|0|0|0|3||8|0|8|0|0|0
FixedDot_OI_6860.00_1765789200|21|1765789200|0|6860.00000|0.00000|32768|1|0|0|0|0|4||8|0|8|0|0|0
FixedDot_OI_6860.00_1765792800|21|1765792800|0|6860.00000|0.00000|32768|1|0|0|0|0|4||8|0|8|0|0|0
FixedDot_OI_6860.00_1765796400|21|1765796400|0|6860.00000|0.00000|32768|1|0|0|0|0|5||8|0|8|0|0|0
FixedDot_OI_6860.00_1765800000|21|1765800000|0|6860.00000|0.00000|32768|1|0|0|0|0|5||8|0|8|0|0|0
FixedDot_OI_6860.00_1765803600|21|1765803600|0|6860.00000|0.00000|32768|1|0|0|0|0|4||8|0|8|0|0|0
FixedDot_OI_6895.00_1765533600|21|1765533600|0|6895.00000|0.00000|16711680|1|0|0|0|0|5||8|0|8|0|0|0
FixedDot_OI_6895.00_1765537200|21|1765537200|0|6895.00000|0.00000|16711680|1|0|0|0|0|5||8|0|8|0|0|0
FixedDot_OI_6895.00_1765540800|21|1765540800|0|6895.00000|0.00000|16711680|1|0|0|0|0|6||8|0|8|0|0|0
FixedDot_OI_6895.00_1765544400|21|1765544400|0|6895.00000|0.00000|16711680|1|0|0|0|0|6||8|0|8|0|0|0
FixedDot_OI_6895.00_1765548000|21|1765548000|0|6895.00000|0.00000|16711680|1|0|0|0|0|5||8|0|8|0|0|0
FixedDot_OI_6895.00_1765551600|21|1765551600|0|6895.00000|0.00000|16711680|1|0|0|0|0|5||8|0|8|0|0|0
FixedDot_OI_6895.00_1765555200|21|1765555200|0|6895.00000|0.00000|16711680|1|0|0|0|0|4||8|0|8|0|0|0
FixedDot_OI_6895.00_1765562400|21|1765562400|0|6895.00000|0.00000|16711680|1|0|0|0|0|4||8|0|8|0|0|0
FixedDot_OI_6895.00_1765566000|21|1765566000|0|6895.00000|0.00000|16711680|1|0|0|0|0|4||8|0|8|0|0|0
FixedDot_OI_6895.00_1765569600|21|1765569600|0|6895.00000|0.00000|16711680|1|0|0|0|0|3||8|0|8|0|0|0
FixedDot_OI_6895.00_1765573200|21|1765573200|0|6895.00000|0.00000|16711680|1|0|0|0|0|3||8|0|8|0|0|0
FixedDot_OI_6895.00_1765576800|21|1765576800|0|6895.00000|0.00000|16711680|1|0|0|0|0|4||8|0|8|0|0|0
FixedDot_OI_6895.00_1765789200|21|1765789200|0|6895.00000|0.00000|16711680|1|0|0|0|0|2||8|0|8|0|0|0
FixedDot_OI_6895.00_1765792800|21|1765792800|0|6895.00000|0.00000|16711680|1|0|0|0|0|2||8|0|8|0|0|0
FixedDot_OI_6895.00_1765796400|21|1765796400|0|6895.00000|0.00000|16711680|1|0|0|0|0|2||8|0|8|0|0|0
FixedDot_OI_6895.00_1765800000|21|1765800000|0|6895.00000|0.00000|16711680|1|0|0|0|0|2||8|0|8|0|0|0
FixedDot_OI_6895.00_1765803600|21|1765803600|0|6895.00000|0.00000|16711680|1|0|0|0|0|2||8|0|8|0|0|0
FixedDot_OI_6945.00_1765533600|21|1765533600|0|6945.00000|0.00000|16711680|1|0|0|0|0|3||8|0|8|0|0|0
FixedDot_OI_6945.00_1765537200|21|1765537200|0|6945.00000|0.00000|16711680|1|0|0|0|0|3||8|0|8|0|0|0
FixedDot_OI_6945.00_1765540800|21|1765540800|0|6945.00000|0.00000|16711680|1|0|0|0|0|3||8|0|8|0|0|0
FixedDot_OI_6945.00_1765544400|21|1765544400|0|6945.00000|0.00000|16711680|1|0|0|0|0|3||8|0|8|0|0|0
FixedDot_OI_6945.00_1765548000|21|1765548000|0|6945.00000|0.00000|16711680|1|0|0|0|0|3||8|0|8|0|0|0
FixedDot_OI_6945.00_1765551600|21|1765551600|0|6945.00000|0.00000|16711680|1|0|0|0|0|3||8|0|8|0|0|0
FixedDot_OI_6945.00_1765555200|21|1765555200|0|6945.00000|0.00000|16711680|1|0|0|0|0|1||8|0|8|0|0|0
FixedDot_OI_6945.00_1765558800|21|1765558800|0|6945.00000|0.00000|16711680|1|0|0|0|0|3||8|0|8|0|0|0
FixedDot_OI_6945.00_1765562400|21|1765562400|0|6945.00000|0.00000|16711680|1|0|0|0|0|3||8|0|8|0|0|0
FixedDot_OI_6945.00_1765566000|21|1765566000|0|6945.00000|0.00000|16711680|1|0|0|0|0|3||8|0|8|0|0|0
FixedDot_OI_6945.00_1765569600|21|1765569600|0|6945.00000|0.00000|16711680|1|0|0|0|0|4||8|0|8|0|0|0
FixedDot_OI_6945.00_1765573200|21|1765573200|0|6945.00000|0.00000|16711680|1|0|0|0|0|4||8|0|8|0|0|0
FixedDot_OI_6995.00_1765533600|21|1765533600|0|6995.00000|0.00000|16711680|1|0|0|0|0|1||8|0|8|0|0|0
FixedDot_OI_6995.00_1765537200|21|1765537200|0|6995.00000|0.00000|16711680|1|0|0|0|0|1||8|0|8|0|0|0
FixedDot_OI_6995.00_1765540800|21|1765540800|0|6995.00000|0.00000|16711680|1|0|0|0|0|2||8|0|8|0|0|0
FixedDot_OI_6995.00_1765544400|21|1765544400|0|6995.00000|0.00000|16711680|1|0|0|0|0|2||8|0|8|0|0|0
FixedDot_OI_6995.00_1765548000|21|1765548000|0|6995.00000|0.00000|16711680|1|0|0|0|0|1||8|0|8|0|0|0
FixedDot_OI_6995.00_1765551600|21|1765551600|0|6995.00000|0.00000|16711680|1|0|0|0|0|1||8|0|8|0|0|0
FixedDot_OI_6995.00_1765555200|21|1765555200|0|6995.00000|0.00000|16711680|1|0|0|0|0|2||8|0|8|0|0|0
FixedDot_OI_6995.00_1765558800|21|1765558800|0|6995.00000|0.00000|16711680|1|0|0|0|0|4||8|0|8|0|0|0
FixedDot_OI_6995.00_1765789200|21|1765789200|0|6995.00000|0.00000|16711680|1|0|0|0|0|5||8|0|8|0|0|0
FixedDot_OI_6995.00_1765792800|21|1765792800|0|6995.00000|0.00000|16711680|1|0|0|0|0|5||8|0|8|0|0|0
FixedDot_OI_6995.00_1765796400|21|1765796400|0|6995.00000|0.00000|16711680|1|0|0|0|0|4||8|0|8|0|0|0
FixedDot_OI_6995.00_1765800000|21|1765800000|0|6995.00000|0.00000|16711680|1|0|0|0|0|4||8|0|8|0|0|0
FixedDot_OI_6995.00_1765803600|21|1765803600|0|6995.00000|0.00000|16711680|1|0|0|0|0|5||8|0|8|0|0|0
FixedDot_OI_7045.00_1765789200|21|1765789200|0|7045.00000|0.00000|16711680|1|0|0|0|0|6||8|0|8|0|0|0
FixedDot_OI_7045.00_1765792800|21|1765792800|0|7045.00000|0.00000|16711680|1|0|0|0|0|6||8|0|8|0|0|0
FixedDot_OI_7045.00_1765796400|21|1765796400|0|7045.00000|0.00000|16711680|1|0|0|0|0|6||8|0|8|0|0|0
FixedDot_OI_7045.00_1765800000|21|1765800000|0|7045.00000|0.00000|16711680|1|0|0|0|0|6||8|0|8|0|0|0
FixedDot_OI_7045.00_1765803600|21|1765803600|0|7045.00000|0.00000|16711680|1|0|0|0|0|6||8|0|8|0|0|0
FixedDot_OI_7095.00_1765558800|21|1765558800|0|7095.00000|0.00000|16711680|1|0|0|0|0|1||8|0|8|0|0|0
FixedDot_OI_7095.00_1765562400|21|1765562400|0|7095.00000|0.00000|16711680|1|0|0|0|0|1||8|0|8|0|0|0
FixedDot_OI_7095.00_1765566000|21|1765566000|0|7095.00000|0.00000|16711680|1|0|0|0|0|1||8|0|8|0|0|0
FixedDot_OI_7095.00_1765569600|21|1765569600|0|7095.00000|0.00000|16711680|1|0|0|0|0|1||8|0|8|0|0|0
FixedDot_OI_7095.00_1765573200|21|1765573200|0|7095.00000|0.00000|16711680|1|0|0|0|0|1||8|0|8|0|0|0
FixedDot_OI_7095.00_1765576800|21|1765576800|0|7095.00000|0.00000|16711680|1|0|0|0|0|1||8|0|8|0|0|0
Line_6695.00|1|0|0|6695.00000|0.00000|32768|1|1|0|0|0|3||0|0
Line_6750.00|1|0|0|6750.00000|0.00000|255|2|0|0|0|0|||0|0
Line_6760.00|1|0|0|6760.00000|0.00000|255|2|0|0|0|0|||0|0
Line_6770.00|1|0|0|6770.00000|0.00000|255|2|0|0|0|0|||0|0
Line_6795.00|1|0|0|6795.00000|0.00000|32768|1|1|0|0|0|1||0|0
Line_6860.00|1|0|0|6860.00000|0.00000|32768|1|1|0|0|0|4||0|0
Line_6870.00|1|0|0|6870.00000|0.00000|255|2|0|0|0|0|||0|0
Line_6880.00|1|0|0|6880.00000|0.00000|255|2|0|0|0|0|||0|0
Line_6890.00|1|0|0|6890.00000|0.00000|255|2|0|0|0|0|||0|0
Line_6895.00|1|0|0|6895.00000|0.00000|16711680|1|1|0|0|0|2||0|0
Line_6995.00|1|0|0|6995.00000|0.00000|16711680|1|1|0|0|0|5||0|0
Line_7045.00|1|0|0|7045.00000|0.00000|16711680|1|1|0|0|0|6||0|0
MovingDot_L_6750.00|21|1765807200|0|6750.00000|0.00000|0|1|0|0|0|0|Х||10|0|8|0|0|0
MovingDot_L_6760.00|21|1765807200|0|6760.00000|0.00000|0|1|0|0|0|0|Х||10|0|8|0|0|0
MovingDot_L_6770.00|21|1765807200|0|6770.00000|0.00000|0|1|0|0|0|0|Х||10|0|8|0|0|0
MovingDot_L_6870.00|21|1765807200|0|6870.00000|0.00000|0|1|0|0|0|0|Х||10|0|8|0|0|0
MovingDot_L_6880.00|21|1765807200|0|6880.00000|0.00000|0|1|0|0|0|0|Х||10|0|8|0|0|0
MovingDot_L_6890.00|21|1765807200|0|6890.00000|0.00000|0|1|0|0|0|0|Х||10|0|8|0|0|0
MovingDot_OI_6695.00|21|1765807200|0|6695.00000|0.00000|32768|1|0|0|0|0|3||8|0|8|0|0|0
MovingDot_OI_6795.00|21|1765807200|0|6795.00000|0.00000|32768|1|0|0|0|0|1||8|0|8|0|0|0
MovingDot_OI_6860.00|21|1765807200|0|6860.00000|0.00000|32768|1|0|0|0|0|4||8|0|8|0|0|0
MovingDot_OI_6895.00|21|1765807200|0|6895.00000|0.00000|16711680|1|0|0|0|0|2||8|0|8|0|0|0
MovingDot_OI_6995.00|21|1765807200|0|6995.00000|0.00000|16711680|1|0|0|0|0|5||8|0|8|0|0|0
MovingDot_OI_7045.00|21|1765807200|0|7045.00000|0.00000|16711680|1|0|0|0|0|6||8|0|8|0|0|0
UpdateTimeText|23|0|0|0.00000|0.00000|0|1|0|0|0|0|Last Update: 2025.12.15 14:10||12|0|0|10|10|0
