MT4_OBJECT_SYNC_FORMAT_v6
UTC_REF|1764961200|1.16431
Text 20614|21|1765785600|0|1.13671|0.00000|9109504|1|0|0|0|0|60%||8|0|7|0|0|0
Text 2182|21|1764921600|0|1.18724|0.00000|9109504|1|0|0|0|0|60%||8|0|7|0|0|0
Text 46800|21|1748448000|0|1.11025|0.00000|9109504|1|0|0|0|0|IPC||8|0|7|0|0|0
Trendline 1188|2|1751040000|1751616000|1.12615|1.12615|255|4|0|0|1|0|||0|0
Trendline 16768|2|1764806400|1765267200|1.14221|1.14221|255|4|0|0|1|0|||0|0
Trendline 16825|2|1742227200|1742803200|1.05783|1.05783|255|4|0|0|1|0|||0|0
Trendline 16867|2|1744185600|1744819200|1.07261|1.07261|255|4|0|0|1|0|||0|0
Trendline 16894|2|1741132800|1741708800|1.10155|1.10155|8421376|4|0|0|1|0|||0|0
Trendline 16903|2|1743033600|1743667200|1.13683|1.13683|8421376|4|0|0|1|0|||0|0
Trendline 16912|2|1744992000|1745568000|1.16429|1.16429|8421376|4|0|0|1|0|||0|0
Trendline 17673|2|1697068800|1697126400|1.05639|1.05639|7346457|1|2|0|0|0|||0|0
Trendline 17676|2|1740153600|1740729600|1.03010|1.03010|255|4|0|0|1|0|||0|0
Trendline 17681|2|1697068800|1697126400|1.05383|1.05383|7346457|1|2|0|0|0|||0|0
Trendline 17691|2|1697068800|1697068800|1.05374|1.05643|7346457|1|2|0|0|0|||0|0
Trendline 17695|2|1738195200|1738828800|1.01550|1.01550|255|4|0|0|1|0|||0|0
Trendline 18724|2|1698854400|1698912000|1.06254|1.06254|7346457|1|2|0|0|0|||0|0
Trendline 18730|2|1698854400|1698969600|1.06839|1.06839|7346457|1|2|0|0|0|||0|0
Trendline 18798|2|1690444800|1690848000|1.09607|1.09607|7346457|1|2|0|0|0|||0|0
Trendline 20339|2|1749081600|1749715200|1.11799|1.11799|255|4|0|0|1|0|||0|0
Trendline 20363|2|1750924800|1751500800|1.18854|1.18854|8421376|4|0|0|1|0|||0|0
Trendline 2176|2|1764691200|1765152000|1.18871|1.18871|8421376|4|0|0|1|0|||0|0
Trendline 23444|2|1762905600|1763481600|1.14106|1.14106|255|4|0|0|1|0|||0|0
Trendline 30740|2|1758758400|1759392000|1.19989|1.19989|8421376|4|0|0|1|0|||0|0
Trendline 30756|2|1758873600|1759507200|1.14223|1.14223|255|4|0|0|1|0|||0|0
Trendline 43749|2|1752825600|1753459200|1.18858|1.18858|8421376|4|0|0|1|0|||0|0
Trendline 43779|2|1753113600|1753689600|1.13527|1.13527|255|4|0|0|1|0|||0|0
Trendline 4823|2|1756972800|1757548800|1.13736|1.13736|255|4|0|0|1|0|||0|0
Trendline 51305|2|1756857600|1757433600|1.19047|1.19047|8421376|4|0|0|1|0|||0|0
Trendline 55035|2|1747065600|1747641600|1.16102|1.16102|8421376|4|0|0|1|0|||0|0
Trendline 55042|2|1748966400|1749600000|1.16835|1.16835|8421376|4|0|0|1|0|||0|0
Trendline 6943|2|1760947200|1761580800|1.14331|1.14331|255|4|0|0|1|0|||0|0
Trendline 6980|2|1760716800|1761292800|1.19548|1.19548|8421376|4|0|0|1|0|||0|0
Trendline 7872|2|1754899200|1755532800|1.19051|1.19051|8421376|4|0|0|1|0|||0|0
Trendline 8352|2|1755014400|1755648000|1.13699|1.13699|255|4|0|0|1|0|||0|0
Trendline 8961|2|1762790400|1763366400|1.18821|1.18821|8421376|4|0|0|1|0|||0|0
Triangle 1155|17|1750003200|1750636800|1.17138|1.17138|8421376|1|0|0|1|0|||0|0|1750233600|1.17687
Triangle 1176|17|1750118400|1750752000|1.12403|1.12403|255|1|0|0|1|0|||0|0|1750348800|1.11870
Triangle 16490|17|1743091200|1743724800|1.06610|1.06610|255|1|0|0|1|0|||0|0|1743494400|1.06076
Triangle 16629|17|1742169600|1742745600|1.10207|1.10207|8421376|1|0|0|1|0|||0|0|1742400000|1.10756
Triangle 16694|17|1745164800|1745798400|1.10061|1.10061|255|1|0|0|1|0|||0|0|1745395200|1.09527
Triangle 16710|17|1744070400|1744704000|1.16087|1.16087|8421376|1|0|0|1|0|||0|0|1744300800|1.16636
Triangle 16753|17|1741190400|1741766400|1.02961|1.02961|255|1|0|0|1|0|||0|0|1741536000|1.02427
Triangle 16759|17|1763942400|1764518400|1.14293|1.14293|255|1|0|0|1|0|||0|0|1764172800|1.13759
Triangle 16770|17|1740096000|1740672000|1.07437|1.07437|8421376|1|0|0|1|0|||0|0|1740441600|1.07987
Triangle 16771|17|1765555200|1766016000|1.14325|1.14325|255|1|0|0|1|0|||0|0|1765785600|1.13791
Triangle 17455|17|1756051200|1756684800|1.13775|1.13775|255|1|0|0|1|0|||0|0|1756281600|1.13241
Triangle 17709|17|1739232000|1739865600|1.01667|1.01667|255|1|0|0|1|0|||0|0|1739462400|1.01133
Triangle 20316|17|1748217600|1748793600|1.11708|1.11708|255|1|0|0|1|0|||0|0|1748448000|1.11174
Triangle 2116|17|1763654400|1764288000|1.19006|1.19006|8421376|1|0|0|1|0|||0|0|1764057600|1.19556
Triangle 2166|17|1765440000|1765900800|1.18562|1.18562|8421376|1|0|0|1|0|||0|0|1765670400|1.19111
Triangle 23390|17|1761753600|1762329600|1.18914|1.18914|8421376|1|0|0|1|0|||0|0|1762099200|1.19464
Triangle 23432|17|1761868800|1762444800|1.14302|1.14302|255|1|0|0|1|0|||0|0|1762214400|1.13768
Triangle 24824|17|1746028800|1746604800|1.16167|1.16167|8421376|1|0|0|1|0|||0|0|1746374400|1.16717
Triangle 25581|17|1753977600|1754611200|1.13601|1.13601|255|1|0|0|1|0|||0|0|1754380800|1.13067
Triangle 25611|17|1753862400|1754496000|1.18958|1.18958|8421376|1|0|0|1|0|||0|0|1754265600|1.19507
Triangle 3128|17|1747929600|1748563200|1.15745|1.15745|8421376|1|0|0|1|0|||0|0|1748332800|1.16294
Triangle 42070|17|1759795200|1760428800|1.19560|1.19560|8421376|1|0|0|1|0|||0|0|1760025600|1.20109
Triangle 42089|17|1759910400|1760544000|1.14357|1.14357|255|1|0|0|1|0|||0|0|1760313600|1.13823
Triangle 43719|17|1751961600|1752537600|1.18857|1.18857|8421376|1|0|0|1|0|||0|0|1752192000|1.19406
Triangle 43765|17|1752076800|1752652800|1.13558|1.13558|255|1|0|0|1|0|||0|0|1752422400|1.13024
Triangle 4773|17|1755820800|1756396800|1.18982|1.18982|8421376|1|0|0|1|0|||0|0|1756166400|1.19531
Triangle 54982|17|1746662400|1747296000|1.10173|1.10173|255|1|0|0|1|0|||0|0|1747065600|1.09639
Triangle 61701|17|1757894400|1758470400|1.19719|1.19719|8421376|1|0|0|1|0|||0|0|1758124800|1.20268
Triangle 61720|17|1758009600|1758585600|1.14288|1.14288|255|1|0|0|1|0|||0|0|1758240000|1.13754
